# Blender v3.0.0 OBJ File: 'Sketchfab_2020_10_16_10_05_56.blend'
# www.blender.org
mtllib ship.mtl
o Cube
v -0.149100 -1.818691 0.095129
v -0.152327 -1.893040 0.350278
v -0.156957 1.067200 0.098536
v -0.173040 1.364230 0.081693
v -0.153945 -0.039191 0.097230
v -0.157272 -0.076645 0.352422
v -0.163839 1.066577 0.610999
v -0.161310 0.137602 0.609902
v -0.222041 1.066723 0.352944
v -0.218613 1.067033 0.097708
v -0.215499 -0.076626 0.096357
v -0.218927 -0.076937 0.351594
v -0.225495 1.066410 0.610171
v -0.222966 0.137435 0.609074
v -0.548900 0.771558 0.296295
v -0.546169 0.771805 0.092949
v -0.569885 0.235396 0.132218
v -0.571804 0.235222 0.275133
v -1.209853 0.769769 0.287415
v -1.208163 0.769922 0.161614
v -1.203917 0.301732 0.161101
v -1.205607 0.301579 0.286903
v -0.717176 0.234829 0.273180
v -0.741118 0.771251 0.113170
v -0.715256 0.235003 0.130265
v -0.404526 0.166558 0.349398
v -0.406524 0.900447 0.350264
v -0.403096 0.900757 0.095027
v -0.401098 0.166869 0.094161
v -0.156003 -0.227465 0.288379
v -0.154392 -0.190166 0.160916
v -0.217659 -0.227632 0.287551
v -0.216048 -0.190333 0.160088
v -1.056842 0.225042 0.288807
v -1.056398 0.770354 0.145872
v -1.058326 0.770179 0.289451
v -1.054962 0.242923 0.145250
v -0.171907 1.067208 0.057228
v -0.268046 1.066598 0.352220
v -0.179895 1.066484 0.651997
v -0.239443 1.363729 0.352965
v -0.180380 1.363564 0.628233
v -0.172716 1.364259 0.057579
v -0.180704 1.363535 0.652347
v -0.268855 1.363649 0.352570
v -0.034949 1.364282 0.355713
v -0.034783 1.303362 0.355641
v -0.176528 1.302978 0.353736
v -0.172874 1.303309 0.081621
v -0.239277 1.302808 0.352893
v -0.180214 1.302644 0.628161
v -0.196662 1.364166 0.081376
v -0.236219 1.364021 0.112929
v -0.216283 1.364107 0.085411
v -0.230762 1.364054 0.096960
v -0.242698 1.363434 0.595311
v -0.204002 1.363500 0.627916
v -0.237671 1.363428 0.611421
v -0.223508 1.363453 0.623355
v -0.077761 1.363842 0.629611
v -0.038204 1.363987 0.598058
v -0.011273 1.363995 0.653192
v -0.058140 1.363900 0.625577
v -0.043661 1.363953 0.614027
v -0.031725 1.364574 0.115676
v -0.070421 1.364507 0.083072
v -0.003323 1.364716 0.061286
v -0.036752 1.364580 0.099566
v -0.050915 1.364555 0.087632
v -0.038038 1.303067 0.597986
v -0.077595 1.302922 0.629540
v -0.043495 1.303033 0.613955
v -0.057974 1.302980 0.625505
v -0.070255 1.303587 0.083000
v -0.031559 1.303654 0.115604
v -0.050750 1.303635 0.087560
v -0.036586 1.303659 0.099494
v -0.236053 1.303100 0.112857
v -0.196496 1.303245 0.081304
v -0.230596 1.303134 0.096888
v -0.216117 1.303187 0.085339
v -0.203837 1.302580 0.627844
v -0.242532 1.302513 0.595239
v -0.223342 1.302532 0.623283
v -0.237506 1.302508 0.611349
v -0.058990 -1.818447 0.096339
v -0.067161 -0.076401 0.353633
v -0.073729 1.066821 0.612210
v -0.071200 0.137845 0.611113
v -0.066846 1.067444 0.099746
v -0.062216 -1.892796 0.351489
v -0.063834 -0.038947 0.098440
v -0.080810 1.066753 0.653328
v -0.072822 1.067477 0.058559
v -0.081619 1.363803 0.653678
v -0.073631 1.364527 0.058910
v -0.164129 1.063105 0.633234
v -0.161600 0.134130 0.632138
v -0.157561 -0.080116 0.374658
v -0.225785 1.062938 0.632406
v -0.223256 0.133963 0.631309
v -0.219217 -0.080283 0.373829
v -0.153172 -0.039121 0.039670
v -0.156184 1.067270 0.040976
v -0.066073 1.067514 0.042187
v -0.063061 -0.038877 0.040881
v -0.154189 0.050445 0.097335
v -0.161515 0.212864 0.609991
v -0.222433 0.102902 0.096483
v -0.219180 0.015833 0.351704
v -0.223171 0.212697 0.609163
v -0.544849 0.287105 0.092377
v -0.547536 0.270585 0.295703
v -1.204261 0.339662 0.161143
v -1.205951 0.339509 0.286944
v -0.742179 0.270059 0.293088
v -0.739799 0.286550 0.112598
v -0.394817 0.226988 0.094319
v -0.404686 0.225240 0.349467
v -1.056963 0.269207 0.288860
v -1.055079 0.285654 0.145300
v -0.071405 0.213107 0.611202
v -0.064078 0.050689 0.098546
v -0.161805 0.209392 0.632226
v -0.223461 0.209226 0.631398
v -0.153416 0.050515 0.039776
v -0.063305 0.050759 0.040987
v -0.130732 -0.016971 0.015977
v -0.084976 -0.016847 0.016592
v -0.085100 0.028667 0.016646
v -0.130856 0.028543 0.016031
v -0.067847 1.067353 0.174255
v -0.065079 0.050598 0.173054
v -0.248835 0.212627 0.608818
v -0.248630 0.137365 0.608729
v -0.244591 -0.076881 0.351249
v -0.249124 0.209156 0.631053
v -0.248919 0.133894 0.630964
v -0.244880 -0.080353 0.373485
v -0.251448 1.062869 0.632061
v -0.251159 1.066340 0.609826
v -0.153344 -1.519359 0.350719
v -0.153188 -1.576688 0.350652
v -0.149788 -1.566133 0.095427
v -0.149939 -1.510665 0.095493
v -0.063233 -1.519115 0.351930
v -0.063077 -1.576444 0.351862
v -0.059828 -1.510421 0.096703
v -0.059677 -1.565889 0.096638
v -0.144207 -1.519324 0.342105
v -0.144051 -1.576653 0.342037
v -0.140886 -1.566119 0.104284
v -0.141037 -1.510651 0.104349
v -0.064732 -1.519109 0.343173
v -0.064576 -1.576438 0.343105
v -0.061562 -1.510436 0.105417
v -0.061411 -1.565904 0.105351
v -0.547416 0.226420 0.295651
v -0.544733 0.244375 0.092326
v -0.739683 0.243820 0.112547
v -0.742059 0.225894 0.293036
v -0.593709 -0.219333 0.255098
v -0.592305 -0.219205 0.150552
v -0.690877 -0.219472 0.149228
v -0.692281 -0.219599 0.253773
v -0.571392 0.083717 0.274955
v -0.570979 -0.067788 0.274776
v -0.716351 -0.068181 0.272823
v -0.716763 0.083324 0.273001
v -0.569472 0.083891 0.132039
v -0.569060 -0.067614 0.131861
v -0.714431 -0.068007 0.129908
v -0.714844 0.083498 0.130087
v -0.552524 0.083746 0.294009
v -0.552111 -0.067759 0.293830
v -0.735724 -0.068256 0.291363
v -0.736136 0.083249 0.291542
v -0.614383 0.032403 0.112573
v -0.614251 -0.016325 0.112516
v -0.669016 -0.016473 0.111780
v -0.669148 0.032255 0.111837
v -0.570567 -0.219293 0.274597
v -0.568647 -0.219119 0.131682
v -0.714019 -0.219512 0.129729
v -0.715938 -0.219686 0.272644
v -0.593898 -0.149915 0.255180
v -0.592494 -0.149788 0.150634
v -0.691066 -0.150055 0.149310
v -0.692470 -0.150182 0.253855
v -0.550099 0.083966 0.113499
v -0.549687 -0.067539 0.113320
v -0.733299 -0.068036 0.110854
v -0.733712 0.083469 0.111033
v -0.613316 0.032500 0.033110
v -0.668615 0.032303 0.072106
v -0.613850 0.032451 0.072842
v -0.614956 0.438881 0.073321
v -0.669048 0.387483 0.032794
v -0.614816 0.387583 0.073261
v -0.669581 0.387435 0.072525
v -0.670562 0.438656 0.135180
v -0.615797 0.438805 0.135916
v -0.615657 0.387507 0.135855
v -0.670422 0.387359 0.135120
v -0.668910 0.336750 0.032734
v -0.668771 0.286017 0.032674
v -0.668633 0.235284 0.032614
v -0.668495 0.184551 0.032554
v -0.668357 0.133818 0.032494
v -0.668219 0.083085 0.032435
v -0.669443 0.336702 0.072465
v -0.669305 0.285969 0.072405
v -0.669167 0.235236 0.072346
v -0.669029 0.184503 0.072286
v -0.668891 0.133769 0.072226
v -0.668753 0.083036 0.072166
v -0.613454 0.083233 0.033170
v -0.613592 0.133966 0.033230
v -0.613730 0.184699 0.033290
v -0.613868 0.235432 0.033350
v -0.614006 0.286165 0.033410
v -0.614145 0.336898 0.033470
v -0.613988 0.083185 0.072902
v -0.614126 0.133918 0.072961
v -0.614264 0.184651 0.073021
v -0.614402 0.235384 0.073081
v -0.614540 0.286117 0.073141
v -0.614678 0.336850 0.073201
v -0.613717 -0.016277 0.072784
v -0.613321 0.008129 0.038405
v -0.613468 -0.009724 0.052926
v -0.668482 -0.016425 0.072048
v -0.668081 0.032352 0.032375
v -0.668233 -0.009873 0.052190
v -0.668086 0.007981 0.037669
v -0.669721 0.438733 0.072586
v -0.669189 0.413126 0.038147
v -0.669435 0.431884 0.052712
v -0.614283 0.387631 0.033530
v -0.614670 0.432032 0.053448
v -0.614424 0.413274 0.038883
v -0.121110 -1.878334 0.322070
v -0.118601 -1.824923 0.124503
v -0.062448 -1.824771 0.125257
v -0.064957 -1.878182 0.322825
v -0.121343 -1.792863 0.322171
v -0.118816 -1.744375 0.124271
v -0.062662 -1.744223 0.125025
v -0.065190 -1.792711 0.322926
v -0.156311 0.830145 0.098256
v -0.224273 0.778753 0.097281
v -0.545861 0.658798 0.092816
v -1.207259 0.671505 0.161506
v -0.743225 0.654230 0.293542
v -0.406233 0.793607 0.350138
v -1.058008 0.653378 0.289313
v -0.155538 0.830215 0.040697
v -0.163298 0.867534 0.610764
v -0.221374 0.821709 0.352655
v -0.224954 0.867368 0.609936
v -0.548582 0.654757 0.296157
v -1.208938 0.667558 0.287303
v -0.740811 0.658243 0.113037
v -0.396075 0.689063 0.094864
v -1.056090 0.657346 0.145739
v -0.073187 0.867778 0.611975
v -0.066201 0.830389 0.099466
v -0.163587 0.864063 0.632999
v -0.225243 0.863896 0.632171
v -0.065428 0.830459 0.041907
v -0.067201 0.830298 0.173975
v -0.250617 0.867298 0.609591
v -0.250906 0.863827 0.631826
v -0.743772 0.771010 0.310740
v -0.549129 0.771537 0.313355
v -1.058555 0.770158 0.306511
v -0.743454 0.654209 0.310602
v -1.058238 0.653357 0.306374
v -0.548811 0.654736 0.313217
v -0.547765 0.270565 0.312764
v -0.742408 0.270038 0.310149
v -1.184384 0.226617 0.287062
v -1.182695 0.226770 0.161325
v -1.077732 0.178084 0.288435
v -1.075805 0.178259 0.144930
v -0.155835 -0.064131 0.242918
v -0.155399 -0.051707 0.208025
v -0.216988 -0.076761 0.207167
v -0.546467 0.232410 0.223836
v -0.546110 0.238346 0.196032
v -0.154987 -0.204279 0.208079
v -0.217085 -0.214990 0.242267
v -0.216643 -0.204446 0.207250
v -0.151267 -1.569682 0.206233
v -0.142691 -1.573114 0.240063
v -0.571110 0.235285 0.223486
v -0.716220 0.234915 0.201987
v -0.716482 0.234892 0.221533
v -0.715245 -0.219623 0.220997
v -0.716070 0.083387 0.221354
v -0.715395 -0.068095 0.201630
v -0.570698 0.083780 0.223307
v -0.734893 0.083362 0.198981
v -0.734481 -0.068143 0.198802
v -0.551281 0.083859 0.201448
v -0.550868 -0.067646 0.201269
v -0.551200 -0.067676 0.225956
v -0.691618 -0.219539 0.204389
v -0.691810 -0.219557 0.218687
v -0.593426 -0.149872 0.220093
v -0.691807 -0.150122 0.204471
v -0.691999 -0.150139 0.218769
v -0.120035 -1.864582 0.239248
v -0.119676 -1.843599 0.208282
v -0.119905 -1.769211 0.210329
v -0.064095 -1.776526 0.238148
v -0.063751 -1.769059 0.211083
v -0.150907 -1.864666 0.238834
v -0.150547 -1.843683 0.207868
v -0.217456 -0.076803 0.242075
v -0.402587 0.166734 0.204971
v -0.403056 0.166692 0.239878
v -0.155429 -0.214823 0.243096
v -0.151881 -1.516431 0.241203
v -0.151420 -1.513594 0.206299
v -0.151726 -1.573140 0.241136
v -0.142845 -1.516405 0.240130
v -0.142416 -1.513572 0.207615
v -0.142263 -1.569660 0.207548
v -0.570848 0.235309 0.203940
v -0.569873 -0.219230 0.222950
v -0.569611 -0.219206 0.203404
v -0.714982 -0.219600 0.201451
v -0.715807 0.083410 0.201809
v -0.715657 -0.068118 0.221176
v -0.570436 0.083804 0.203761
v -0.570023 -0.067701 0.203583
v -0.570286 -0.067725 0.223129
v -0.735225 0.083332 0.223668
v -0.734812 -0.068173 0.223490
v -0.551612 0.083829 0.226135
v -0.593238 -0.219290 0.220012
v -0.593045 -0.219273 0.205713
v -0.593234 -0.149855 0.205795
v -0.120248 -1.776678 0.237394
v -0.733871 0.234864 0.204935
v -0.734048 0.234848 0.218113
v -0.732633 -0.219651 0.204398
v -0.732810 -0.219667 0.217576
v -0.733635 0.083343 0.217934
v -0.733458 0.083359 0.204756
v -0.733223 -0.068162 0.217755
v -0.733046 -0.068146 0.204577
v -0.752779 0.083289 0.219410
v -0.752555 0.083309 0.202766
v -0.752366 -0.068216 0.219232
v -0.752143 -0.068196 0.202587
v -0.714951 -0.231168 0.201437
v -0.715213 -0.231192 0.220983
v -0.732602 -0.231220 0.204385
v -0.691586 -0.231108 0.204375
v -0.691778 -0.231126 0.218674
v -0.732779 -0.231236 0.217563
v -0.743601 0.792449 0.293705
v -0.548958 0.792976 0.296320
v -1.058385 0.791597 0.289476
v -0.546227 0.793223 0.092974
v -0.741177 0.792669 0.113195
v -1.056456 0.791772 0.145898
v -0.743830 0.792428 0.310766
v -0.549187 0.792955 0.313380
v -1.058614 0.791576 0.306537
v -1.059109 0.993001 0.146107
v -1.118275 0.992819 0.163093
v -1.119964 0.992666 0.288894
v -1.061038 0.992826 0.289686
v -1.206593 0.339451 0.334589
v -1.206249 0.301521 0.334547
v -1.058651 0.653312 0.336958
v -1.058969 0.770113 0.337096
v -1.209580 0.667492 0.334948
v -1.057485 0.224976 0.336452
v -1.057605 0.269141 0.336504
v -1.210495 0.769703 0.335060
v -1.078375 0.178026 0.336080
v -1.185026 0.226559 0.334707
v -1.120607 0.992600 0.336539
v -1.061680 0.992760 0.337330
v -1.206740 0.671552 0.122926
v -1.207645 0.769969 0.123034
v -1.055880 0.770401 0.107292
v -1.203399 0.301779 0.122521
v -1.054444 0.242970 0.106670
v -1.054560 0.285701 0.106720
v -1.203743 0.339709 0.122563
v -1.055572 0.657393 0.107159
v -1.182177 0.226817 0.122745
v -1.075287 0.178306 0.106350
v -1.058591 0.993048 0.107527
v -1.117757 0.992866 0.124512
v -0.062497 -1.892822 0.372434
v -0.067442 -0.076427 0.374579
v -0.063359 -1.576470 0.372808
v -0.063515 -1.519140 0.372875
v -0.062161 -1.904015 0.349615
v -0.062442 -1.904040 0.370560
v -0.064902 -1.889400 0.320951
v -0.121611 -1.879526 0.238259
v -0.121252 -1.858543 0.207293
v -0.162693 -1.575326 0.240036
v -0.161838 -1.879635 0.237718
v -0.161479 -1.858652 0.206752
v -0.162233 -1.571868 0.205132
v -0.168107 -0.064164 0.242753
v -0.167672 -0.051740 0.207860
v -0.164153 -1.516464 0.241038
v -0.163692 -1.513628 0.206134
v -0.228740 1.067055 0.056465
v -0.264457 1.066924 0.084955
v -0.240466 1.066998 0.077651
v -0.271667 1.066270 0.621793
v -0.236728 1.066331 0.651233
v -0.247914 1.066326 0.629714
v -0.265266 1.363974 0.085306
v -0.229548 1.364105 0.056815
v -0.232565 1.364084 0.068199
v -0.236262 1.364067 0.073459
v -0.244788 1.364036 0.080260
v -0.251302 1.364015 0.083146
v -0.237536 1.363381 0.651584
v -0.272476 1.363321 0.622144
v -0.258575 1.363356 0.624679
v -0.252141 1.363370 0.627739
v -0.243801 1.363384 0.634766
v -0.240246 1.363387 0.640123
v -0.010665 1.067596 0.100501
v -0.007653 -0.038795 0.099195
v -0.011046 1.067644 0.059389
v -0.011855 1.364694 0.059740
v -0.002809 -1.818295 0.097094
v -0.010980 -0.076249 0.354388
v -0.017548 1.066972 0.612964
v -0.015019 0.137998 0.611868
v -0.019034 1.066920 0.654158
v -0.019843 1.363970 0.654508
v -0.007897 0.050841 0.099301
v -0.015224 0.213260 0.611956
v -0.011666 1.067505 0.175009
v -0.008898 0.050750 0.173809
v -0.003648 -1.510269 0.097458
v -0.003497 -1.565737 0.097392
v -0.007053 -1.518963 0.352685
v -0.006897 -1.576292 0.352617
v -0.003996 -1.510280 0.106190
v -0.003845 -1.565748 0.106125
v -0.007166 -1.518953 0.343946
v -0.007010 -1.576282 0.343878
v -0.006131 -1.878023 0.323615
v -0.003622 -1.824612 0.126048
v -0.006364 -1.792552 0.323716
v -0.003837 -1.744064 0.125816
v -0.011021 0.830450 0.174730
v -0.017006 0.867930 0.612729
v -0.004926 -1.768900 0.211873
v -0.005269 -1.776367 0.238938
v -0.006317 -1.892670 0.373189
v -0.011262 -0.076275 0.375333
v -0.007334 -1.518988 0.373630
v -0.007178 -1.576318 0.373562
v -0.005980 -1.903863 0.350369
v -0.006076 -1.889241 0.321741
v -0.006261 -1.903888 0.371315
v -0.010848 -0.075694 0.344453
v -0.017416 1.067528 0.603030
v -0.014887 0.138553 0.601933
v -0.015092 0.213815 0.602022
v -0.016874 0.868486 0.602795
v -0.219095 1.066990 0.133643
v -0.546553 0.771770 0.121579
v -1.208401 0.769900 0.179326
v -1.204155 0.301710 0.178813
v -0.740017 0.241296 0.137959
v -0.403579 0.900713 0.130963
v -1.056669 0.770329 0.166087
v -1.055227 0.240406 0.165462
v -1.204499 0.339641 0.178855
v -1.207495 0.670949 0.179218
v -1.182933 0.226748 0.179028
v -1.076076 0.178234 0.165135
v -0.546611 0.793189 0.121604
v -0.741518 0.792638 0.138610
v -1.056728 0.791747 0.166113
v -1.118513 0.992798 0.180805
v -1.059381 0.992976 0.166322
v -0.741828 0.227637 0.275480
v -1.056659 0.226781 0.274844
v -1.077545 0.178101 0.274477
v -0.221707 1.066753 0.328118
v -0.548634 0.771582 0.276515
v -1.209688 0.769784 0.275179
v -1.205442 0.301593 0.274666
v -0.406191 0.900477 0.325438
v -1.058139 0.770196 0.275485
v -1.205786 0.339524 0.274708
v -1.208774 0.667942 0.275067
v -1.184219 0.226631 0.274832
v -0.548692 0.793000 0.276541
v -0.743365 0.792470 0.276147
v -1.058197 0.791614 0.275511
v -1.119800 0.992681 0.276657
v -1.060850 0.992843 0.275720
v -0.221647 1.044719 0.328092
v -0.219035 1.044955 0.133617
v -0.548574 0.749548 0.276489
v -0.546493 0.749736 0.121553
v -0.406131 0.878442 0.325412
v -0.403519 0.878679 0.130937
v -0.548633 0.770966 0.276515
v -0.546552 0.771154 0.121578
v -0.743305 0.770436 0.276121
v -0.741458 0.770604 0.138584
v -1.058137 0.769580 0.275485
v -1.056668 0.769713 0.166087
v -0.740005 0.265162 0.139688
v -1.055214 0.264272 0.167191
v -0.741815 0.251503 0.277209
v -1.056647 0.250647 0.276573
v -0.007826 -0.038811 0.112041
v -0.064007 -0.038963 0.111286
v -0.060001 -1.510437 0.109549
v -0.003820 -1.510285 0.110304
v -0.402641 0.733567 0.094830
v -0.401144 0.183662 0.094181
v -0.215845 0.050278 0.096507
v -0.217967 0.829978 0.097428
v -0.395795 0.689088 0.074077
v -0.394538 0.227013 0.073532
v -0.222154 0.102927 0.075696
v -0.223994 0.778779 0.076494
v -0.743700 0.828953 0.293748
v -0.549057 0.829480 0.296363
v -1.058484 0.828101 0.289519
v -0.548792 0.829504 0.276584
v -0.743465 0.828974 0.276190
v -1.058296 0.828118 0.275554
v -0.150607 -1.265419 0.095782
v -0.151274 -1.020174 0.096072
v -0.151942 -0.774928 0.096361
v -0.152610 -0.529682 0.096651
v -0.153277 -0.284437 0.096940
v -0.156617 -0.317097 0.352139
v -0.155962 -0.557550 0.351855
v -0.155308 -0.798002 0.351571
v -0.154653 -1.038454 0.351287
v -0.153999 -1.278906 0.351003
v -0.066506 -0.316854 0.353349
v -0.065852 -0.557306 0.353065
v -0.065197 -0.797758 0.352781
v -0.064543 -1.038210 0.352498
v -0.063888 -1.278663 0.352214
v -0.063167 -0.284193 0.098151
v -0.062499 -0.529438 0.097861
v -0.061831 -0.774684 0.097572
v -0.061164 -1.019930 0.097282
v -0.060496 -1.265175 0.096993
v -0.154736 -0.295355 0.207737
v -0.154073 -0.539003 0.207449
v -0.153410 -0.782651 0.207162
v -0.152746 -1.026299 0.206874
v -0.152083 -1.269946 0.206586
v -0.155176 -0.306181 0.242632
v -0.154517 -0.548231 0.242346
v -0.153858 -0.790281 0.242060
v -0.153199 -1.032331 0.241775
v -0.152540 -1.274381 0.241489
v -0.066788 -0.316879 0.374295
v -0.066133 -0.557331 0.374011
v -0.065479 -0.797784 0.373727
v -0.064824 -1.038236 0.373443
v -0.064169 -1.278688 0.373159
v -0.167008 -0.295388 0.207572
v -0.166345 -0.539036 0.207284
v -0.165682 -0.782684 0.206997
v -0.165018 -1.026332 0.206709
v -0.164355 -1.269980 0.206421
v -0.167448 -0.306214 0.242467
v -0.166789 -0.548264 0.242181
v -0.166130 -0.790314 0.241896
v -0.165471 -1.032364 0.241610
v -0.164812 -1.274414 0.241324
v -0.010607 -0.316727 0.375049
v -0.009952 -0.557179 0.374766
v -0.009298 -0.797632 0.374482
v -0.008643 -1.038084 0.374198
v -0.007989 -1.278536 0.373914
v -0.063339 -0.284208 0.110997
v -0.062671 -0.529454 0.110707
v -0.062004 -0.774700 0.110418
v -0.061336 -1.019946 0.110128
v -0.060668 -1.265191 0.109839
v -0.007158 -0.284056 0.111752
v -0.006491 -0.529302 0.111462
v -0.005823 -0.774548 0.111173
v -0.005155 -1.019794 0.110883
v -0.004488 -1.265039 0.110594
v 0.162209 -1.817849 0.099311
v 0.158983 -1.892198 0.354460
v 0.154353 1.068043 0.102718
v 0.169275 1.365156 0.086292
v 0.157365 -0.038348 0.101412
v 0.154038 -0.075803 0.356605
v 0.147470 1.067419 0.615181
v 0.149999 0.138444 0.614084
v 0.212581 1.067899 0.358783
v 0.216009 1.068210 0.103546
v 0.219122 -0.075450 0.102196
v 0.215694 -0.075760 0.357433
v 0.209126 1.067586 0.616009
v 0.211655 0.138611 0.614913
v 0.542436 0.774511 0.310955
v 0.545167 0.774759 0.107610
v 0.570723 0.238483 0.147541
v 0.568803 0.238309 0.290456
v 1.203389 0.776300 0.319834
v 1.205079 0.776453 0.194033
v 1.203382 0.308247 0.193440
v 1.201692 0.308094 0.319242
v 0.714175 0.238703 0.292409
v 0.739504 0.775258 0.133060
v 0.716094 0.238877 0.149494
v 0.399965 0.168736 0.360205
v 0.397967 0.902624 0.361071
v 0.401395 0.902935 0.105835
v 0.403393 0.169046 0.104968
v -0.001302 1.067622 0.100627
v 0.006554 -1.818270 0.097220
v -0.001617 -0.076224 0.354514
v 0.001710 -0.038770 0.099321
v -0.008185 1.066998 0.613090
v 0.155307 -0.226622 0.292562
v 0.156918 -0.189323 0.165098
v 0.216963 -0.226455 0.293390
v 0.218574 -0.189157 0.165927
v 1.053347 0.230753 0.317155
v 1.053791 0.776065 0.174220
v 1.051863 0.775890 0.317799
v 1.055227 0.248634 0.173597
v 0.170407 1.068135 0.061827
v 0.258590 1.068024 0.359294
v -0.008738 1.066948 0.654296
v 0.162419 1.067411 0.656595
v -0.000750 1.067672 0.059528
v -0.005537 1.364362 0.356108
v 0.228369 1.364995 0.359250
v -0.009547 1.363998 0.654647
v 0.161934 1.364491 0.632832
v -0.001559 1.364722 0.059878
v 0.169599 1.365185 0.062177
v 0.161611 1.364462 0.656946
v 0.257781 1.365074 0.359645
v 0.023875 1.364441 0.356503
v 0.024041 1.303521 0.356431
v 0.165786 1.303904 0.358335
v 0.169441 1.304236 0.086220
v 0.228535 1.304074 0.359178
v 0.162100 1.303570 0.632760
v 0.192897 1.365220 0.086609
v 0.231593 1.365287 0.119214
v 0.212403 1.365268 0.091170
v 0.226566 1.365292 0.103104
v 0.225114 1.364700 0.601596
v 0.185557 1.364555 0.633149
v 0.219657 1.364666 0.617565
v 0.205178 1.364613 0.629114
v 0.059316 1.364213 0.631453
v 0.020620 1.364146 0.598848
v -0.007782 1.364005 0.653239
v 0.039810 1.364165 0.626892
v 0.025647 1.364141 0.614958
v 0.027099 1.364733 0.116466
v 0.066656 1.364878 0.084913
v 0.000168 1.364725 0.061333
v 0.032556 1.364767 0.100497
v 0.047035 1.364820 0.088948
v 0.020786 1.303226 0.598777
v 0.059481 1.303293 0.631381
v 0.025812 1.303221 0.614886
v 0.039976 1.303245 0.626820
v 0.066822 1.303958 0.084841
v 0.027264 1.303813 0.116395
v 0.047201 1.303900 0.088876
v 0.032722 1.303847 0.100426
v 0.231759 1.304366 0.119142
v 0.193063 1.304299 0.086537
v 0.226732 1.304372 0.103032
v 0.212568 1.304347 0.091098
v 0.185723 1.303634 0.633077
v 0.225280 1.303779 0.601524
v 0.205344 1.303692 0.629042
v 0.219823 1.303746 0.617493
v 0.072099 -1.818092 0.098100
v 0.063927 -0.076046 0.355394
v 0.057360 1.067175 0.613971
v 0.059889 0.138200 0.612874
v 0.064242 1.067799 0.101507
v 0.068872 -1.892442 0.353250
v 0.067254 -0.038592 0.100201
v 0.063334 1.067143 0.655264
v 0.071322 1.067867 0.060496
v 0.062525 1.364193 0.655615
v 0.070513 1.364917 0.060846
v 0.147181 1.063948 0.637416
v 0.149710 0.134973 0.636320
v 0.153749 -0.079274 0.378840
v 0.208837 1.064115 0.638244
v 0.211366 0.135140 0.637148
v 0.215405 -0.079107 0.379668
v 0.158138 -0.038278 0.043852
v 0.155126 1.068113 0.045158
v 0.065015 1.067869 0.043948
v 0.068027 -0.038522 0.042642
v 0.157121 0.051287 0.101518
v 0.149794 0.213706 0.614173
v 0.225079 0.104113 0.102495
v 0.215442 0.017009 0.357542
v 0.211450 0.213873 0.615001
v 0.546487 0.290059 0.107038
v 0.543800 0.273539 0.310364
v 1.203519 0.346179 0.193488
v 1.201830 0.346026 0.319290
v 0.738443 0.274066 0.312979
v 0.740823 0.290558 0.132488
v 0.396784 0.229131 0.104953
v 0.399805 0.227417 0.360274
v 0.001466 0.050866 0.099426
v 1.053227 0.274918 0.317207
v 1.055111 0.291365 0.173648
v 0.059684 0.213462 0.612963
v 0.067010 0.051043 0.100307
v 0.149505 0.210235 0.636408
v 0.211161 0.210402 0.637237
v 0.157894 0.051357 0.043958
v 0.067783 0.051113 0.042748
v 0.136223 -0.016248 0.019564
v 0.090467 -0.016372 0.018949
v 0.090344 0.029142 0.019003
v 0.136099 0.029266 0.019617
v 0.063242 1.067708 0.176016
v -0.002303 1.067531 0.175135
v 0.000465 0.050775 0.173935
v 0.066010 0.050953 0.174815
v 0.237114 0.213943 0.615346
v 0.237319 0.138681 0.615257
v 0.241357 -0.075566 0.357778
v 0.236825 0.210471 0.637581
v 0.237029 0.135209 0.637493
v 0.241068 -0.079037 0.380013
v 0.234500 1.064184 0.638589
v 0.234790 1.067655 0.616354
v 0.157966 -1.518516 0.354901
v 0.158122 -1.575846 0.354834
v 0.161522 -1.565290 0.099609
v 0.161371 -1.509823 0.099675
v 0.002311 -1.518937 0.352810
v 0.002467 -1.576267 0.352743
v 0.005716 -1.510244 0.097584
v 0.005867 -1.565711 0.097518
v 0.067855 -1.518760 0.353691
v 0.068011 -1.576090 0.353623
v 0.071260 -1.510067 0.098464
v 0.071411 -1.565534 0.098399
v 0.149063 -1.518530 0.346045
v 0.149219 -1.575859 0.345977
v 0.152385 -1.565325 0.108223
v 0.152234 -1.509858 0.108289
v 0.002428 -1.518927 0.344075
v 0.002584 -1.576256 0.344007
v 0.005599 -1.510255 0.106319
v 0.005750 -1.565722 0.106254
v 0.069589 -1.518745 0.344977
v 0.069745 -1.576074 0.344909
v 0.072759 -1.510073 0.107221
v 0.072910 -1.565540 0.107156
v 0.543921 0.229374 0.310312
v 0.546603 0.247328 0.106987
v 0.740940 0.247827 0.132438
v 0.738563 0.229901 0.312927
v 0.593698 -0.216119 0.271049
v 0.595102 -0.215992 0.166504
v 0.693674 -0.215725 0.167828
v 0.692270 -0.215852 0.272373
v 0.569216 0.086804 0.290277
v 0.569628 -0.064701 0.290098
v 0.715000 -0.064307 0.292051
v 0.714587 0.087198 0.292230
v 0.571135 0.086978 0.147362
v 0.571548 -0.064527 0.147183
v 0.716919 -0.064133 0.149136
v 0.716507 0.087372 0.149315
v 0.549843 0.086730 0.308818
v 0.550255 -0.064775 0.308639
v 0.733868 -0.064278 0.311105
v 0.733455 0.087227 0.311284
v 0.616831 0.035735 0.129113
v 0.616964 -0.012993 0.129055
v 0.671728 -0.012845 0.129791
v 0.671596 0.035884 0.129849
v 0.570041 -0.216206 0.289919
v 0.571960 -0.216032 0.147004
v 0.717332 -0.215638 0.148957
v 0.715412 -0.215812 0.291872
v 0.593509 -0.146701 0.271131
v 0.594913 -0.146574 0.166586
v 0.693485 -0.146307 0.167910
v 0.692081 -0.146435 0.272455
v 0.552267 0.086949 0.128308
v 0.552680 -0.064556 0.128129
v 0.736292 -0.064059 0.130596
v 0.735880 0.087446 0.130775
v 0.617898 0.035832 0.049650
v 0.672129 0.035932 0.090117
v 0.617364 0.035784 0.089382
v 0.616258 0.442213 0.089861
v 0.671696 0.391112 0.050805
v 0.616398 0.390915 0.089801
v 0.671162 0.391064 0.090536
v 0.670182 0.442285 0.153191
v 0.615417 0.442137 0.152456
v 0.615557 0.390839 0.152395
v 0.670322 0.390987 0.153131
v 0.671834 0.340379 0.050745
v 0.671972 0.289646 0.050685
v 0.672110 0.238913 0.050625
v 0.672249 0.188180 0.050566
v 0.672387 0.137446 0.050506
v 0.672525 0.086713 0.050446
v 0.671301 0.340331 0.090477
v 0.671439 0.289597 0.090417
v 0.671577 0.238864 0.090357
v 0.671715 0.188131 0.090297
v 0.671853 0.137398 0.090237
v 0.671991 0.086665 0.090177
v 0.617760 0.086565 0.049710
v 0.617622 0.137298 0.049770
v 0.617484 0.188031 0.049830
v 0.617345 0.238764 0.049890
v 0.617207 0.289498 0.049950
v 0.617069 0.340231 0.050009
v 0.617226 0.086517 0.089441
v 0.617088 0.137250 0.089501
v 0.616950 0.187983 0.089561
v 0.616812 0.238716 0.089621
v 0.616674 0.289449 0.089681
v 0.616536 0.340182 0.089741
v 0.617497 -0.012945 0.089324
v 0.617893 0.011461 0.054944
v 0.617746 -0.006392 0.069466
v 0.672262 -0.012796 0.090060
v 0.672663 0.035980 0.050386
v 0.672511 -0.006244 0.070202
v 0.672658 0.011610 0.055680
v 0.671023 0.442361 0.090597
v 0.671555 0.416754 0.056158
v 0.671308 0.435513 0.070723
v 0.616931 0.390964 0.050069
v 0.616543 0.435365 0.069988
v 0.616790 0.416606 0.055423
v 0.128456 -1.877658 0.325423
v 0.130966 -1.824248 0.127856
v 0.074813 -1.824400 0.127101
v 0.072303 -1.877810 0.324669
v 0.003673 -1.877996 0.323747
v 0.006183 -1.824586 0.126179
v 0.128224 -1.792188 0.325524
v 0.130751 -1.743700 0.127624
v 0.074598 -1.743852 0.126869
v 0.072070 -1.792340 0.324769
v 0.003440 -1.792526 0.323848
v 0.005968 -1.744038 0.125947
v 0.154998 0.830988 0.102438
v 0.223239 0.779965 0.103292
v 0.545475 0.661752 0.107476
v 1.204710 0.678033 0.193908
v 0.737397 0.658237 0.313432
v 0.398258 0.795784 0.360945
v 1.052181 0.659089 0.317661
v 0.155771 0.831058 0.044879
v 0.148012 0.868377 0.614946
v 0.213248 0.822885 0.358494
v 0.209668 0.868544 0.615774
v 0.542754 0.657710 0.310817
v 1.203031 0.674086 0.319705
v 0.739811 0.662251 0.132927
v 0.395526 0.691205 0.105498
v 1.054099 0.663058 0.174087
v 0.057901 0.868133 0.613736
v 0.064888 0.830744 0.101227
v 0.147723 0.864906 0.637181
v 0.209379 0.865073 0.638009
v 0.065661 0.830814 0.043668
v -0.001657 0.830476 0.174855
v 0.063887 0.830653 0.175736
v 0.235332 0.868613 0.616119
v 0.235042 0.865142 0.638354
v 0.736850 0.775017 0.330631
v 0.542207 0.774491 0.328016
v 1.051634 0.775869 0.334859
v 0.737168 0.658216 0.330493
v 1.051952 0.659068 0.334721
v 0.542525 0.657689 0.327878
v 0.543571 0.273518 0.327424
v 0.738214 0.274045 0.330039
v 1.180879 0.233018 0.318836
v 1.182567 0.233171 0.193099
v 1.074493 0.183909 0.317348
v 1.076421 0.184084 0.173842
v 0.155475 -0.063288 0.247100
v 0.155910 -0.050864 0.212207
v 0.217634 -0.075585 0.213005
v 0.544869 0.235364 0.238497
v 0.545226 0.241300 0.210693
v 0.156323 -0.203437 0.212261
v 0.217537 -0.213813 0.248106
v 0.217979 -0.203270 0.213089
v 0.160043 -1.568840 0.210415
v 0.150580 -1.572320 0.244002
v 0.569497 0.238372 0.238809
v 0.715131 0.238789 0.221216
v 0.714869 0.238766 0.240762
v 0.716106 -0.215749 0.240225
v 0.715281 0.087261 0.240583
v 0.715956 -0.064221 0.220858
v 0.569909 0.086867 0.238630
v 0.734698 0.087339 0.218723
v 0.735111 -0.064166 0.218544
v 0.551086 0.086842 0.216256
v 0.551499 -0.064663 0.216078
v 0.551167 -0.064693 0.240765
v 0.692934 -0.215792 0.222989
v 0.692742 -0.215809 0.237287
v 0.593980 -0.146659 0.236045
v 0.692745 -0.146375 0.223071
v 0.692553 -0.146392 0.237369
v 0.129532 -1.863907 0.242601
v 0.129891 -1.842924 0.211635
v 0.129662 -1.768536 0.213681
v 0.073166 -1.776154 0.239992
v 0.073509 -1.768688 0.212927
v 0.160403 -1.863823 0.243016
v 0.160763 -1.842840 0.212050
v 0.217165 -0.075627 0.247913
v 0.401905 0.168911 0.215778
v 0.401436 0.168869 0.250686
v 0.155881 -0.213980 0.247278
v 0.159429 -1.515589 0.245385
v 0.159890 -1.512752 0.210481
v 0.159583 -1.572297 0.245318
v 0.150425 -1.515612 0.244069
v 0.150854 -1.512778 0.211554
v 0.151007 -1.568866 0.211488
v 0.569759 0.238396 0.219263
v 0.570734 -0.216143 0.238272
v 0.570997 -0.216119 0.218726
v 0.716368 -0.215726 0.220679
v 0.715544 0.087284 0.221037
v 0.715693 -0.064244 0.240404
v 0.570172 0.086891 0.219084
v 0.570584 -0.064614 0.218905
v 0.570322 -0.064638 0.238451
v 0.734367 0.087309 0.243411
v 0.734779 -0.064196 0.243232
v 0.550755 0.086812 0.240944
v 0.594169 -0.216076 0.235963
v 0.594361 -0.216059 0.221665
v 0.594172 -0.146641 0.221747
v 0.129319 -1.776002 0.240746
v 0.004535 -1.776340 0.239070
v 0.004879 -1.768873 0.212005
v 0.732696 0.238833 0.224636
v 0.732519 0.238817 0.237814
v 0.733934 -0.215682 0.224100
v 0.733757 -0.215698 0.237278
v 0.732932 0.087312 0.237635
v 0.733109 0.087328 0.224457
v 0.733344 -0.064193 0.237457
v 0.733521 -0.064177 0.224279
v 0.752029 0.087362 0.239626
v 0.752252 0.087382 0.222981
v 0.752441 -0.064143 0.239447
v 0.752665 -0.064123 0.222802
v 0.716400 -0.227294 0.220666
v 0.716137 -0.227318 0.240212
v 0.733965 -0.227251 0.224086
v 0.692965 -0.227361 0.222975
v 0.692773 -0.227378 0.237273
v 0.733788 -0.227267 0.237264
v 0.737021 0.796456 0.313595
v 0.542378 0.795930 0.310981
v 1.051805 0.797308 0.317824
v 0.545109 0.796177 0.107635
v 0.739445 0.796676 0.133086
v 1.053733 0.797483 0.174245
v 0.736792 0.796436 0.330656
v 0.542149 0.795909 0.328041
v 1.051575 0.797288 0.334885
v 1.055290 0.998723 0.174511
v 1.113978 0.998861 0.193080
v 1.112289 0.998708 0.318882
v 1.053362 0.998548 0.318090
v 1.201192 0.345968 0.366934
v 1.201055 0.308036 0.366886
v 1.051543 0.659023 0.365306
v 1.051226 0.775824 0.365444
v 1.202394 0.674020 0.367350
v 1.052710 0.230687 0.364800
v 1.052589 0.274852 0.364852
v 1.202752 0.776234 0.367479
v 1.073856 0.183851 0.364993
v 1.180241 0.232960 0.366481
v 1.111651 0.998642 0.366526
v 1.052724 0.998482 0.365735
v 1.205228 0.678080 0.155328
v 1.205597 0.776500 0.155453
v 1.054309 0.776112 0.135640
v 1.203900 0.308294 0.154860
v 1.055745 0.248681 0.135017
v 1.055629 0.291412 0.135068
v 1.204038 0.346226 0.154908
v 1.054617 0.663105 0.135507
v 1.183086 0.233218 0.154519
v 1.076939 0.184131 0.135262
v 1.055808 0.998770 0.135931
v 1.114496 0.998908 0.154500
v 0.068591 -1.892467 0.374195
v 0.003047 -1.892645 0.373315
v 0.002186 -1.576292 0.373688
v -0.001898 -0.076249 0.375459
v 0.063646 -0.076072 0.376340
v 0.067730 -1.576115 0.374569
v 0.002029 -1.518963 0.373756
v 0.067574 -1.518786 0.374636
v 0.068928 -1.903660 0.351376
v 0.003384 -1.903837 0.350495
v 0.068646 -1.903686 0.372321
v 0.072359 -1.889029 0.322794
v 0.003102 -1.903863 0.371441
v 0.003729 -1.889215 0.321873
v 0.131215 -1.878842 0.241655
v 0.131574 -1.857859 0.210689
v 0.170587 -1.574424 0.244513
v 0.171442 -1.878733 0.242195
v 0.171801 -1.857750 0.211229
v 0.171047 -1.570966 0.209609
v 0.167747 -0.063255 0.247265
v 0.168183 -0.050831 0.212371
v 0.171701 -1.515555 0.245550
v 0.172162 -1.512719 0.210646
v 0.227240 1.068289 0.062590
v 0.262179 1.068349 0.092030
v 0.238393 1.068294 0.084084
v 0.254969 1.067696 0.628868
v 0.219252 1.067565 0.657359
v 0.231012 1.067622 0.636148
v 0.261370 1.365400 0.092381
v 0.226431 1.365339 0.062941
v 0.229141 1.365333 0.074402
v 0.232696 1.365337 0.079759
v 0.241036 1.365351 0.086786
v 0.247470 1.365365 0.089846
v 0.218443 1.364615 0.657709
v 0.254160 1.364746 0.629219
v 0.240197 1.364706 0.631379
v 0.233683 1.364685 0.634265
v 0.225157 1.364653 0.641066
v 0.221459 1.364637 0.646325
v 0.008062 1.067647 0.100753
v 0.011073 -0.038744 0.099446
v 0.009546 1.067700 0.059666
v 0.008737 1.364750 0.060016
v 0.015918 -1.818244 0.097346
v 0.007747 -0.076199 0.354639
v 0.001179 1.067023 0.613216
v 0.003708 0.138048 0.612119
v 0.001558 1.066976 0.654434
v 0.000749 1.364026 0.654785
v 0.010829 0.050891 0.099552
v 0.003503 0.213310 0.612208
v 0.007061 1.067556 0.175261
v 0.009829 0.050801 0.174061
v 0.015079 -1.510219 0.097709
v 0.015230 -1.565686 0.097644
v 0.011674 -1.518912 0.352936
v 0.011830 -1.576241 0.352868
v 0.015193 -1.510229 0.106448
v 0.015344 -1.565696 0.106382
v 0.012022 -1.518901 0.344204
v 0.012179 -1.576230 0.344136
v 0.013477 -1.877970 0.323878
v 0.015987 -1.824559 0.126311
v 0.013245 -1.792499 0.323979
v 0.015772 -1.744011 0.126079
v 0.007706 0.830501 0.174981
v 0.001721 0.867981 0.612981
v 0.014683 -1.768847 0.212137
v 0.014340 -1.776313 0.239202
v 0.012410 -1.892619 0.373441
v 0.007465 -0.076224 0.375585
v 0.011393 -1.518938 0.373882
v 0.011549 -1.576267 0.373814
v 0.012747 -1.903812 0.350621
v 0.013533 -1.889188 0.322004
v 0.012466 -1.903838 0.371566
v -0.001485 -0.075668 0.344579
v -0.005524 0.138578 0.602059
v -0.005729 0.213840 0.602148
v -0.007511 0.868511 0.602921
v -0.008053 1.067553 0.603156
v 0.007879 -0.075643 0.344705
v 0.001311 1.067579 0.603281
v 0.003840 0.138604 0.602185
v 0.003635 0.213866 0.602274
v 0.001853 0.868537 0.603046
v 0.215526 1.068166 0.139482
v 0.544783 0.774724 0.136240
v 1.204841 0.776432 0.211745
v 1.203144 0.308225 0.211152
v 0.740605 0.245303 0.157850
v 0.400912 0.902891 0.141771
v 1.053520 0.776040 0.194435
v 1.054962 0.246117 0.193809
v 1.203282 0.346158 0.211200
v 1.204474 0.677477 0.211620
v 1.182330 0.233150 0.210802
v 1.076149 0.184059 0.194047
v 0.544725 0.796142 0.136265
v 0.739104 0.796645 0.158500
v 1.053461 0.797459 0.194460
v 1.113740 0.998839 0.210792
v 1.055019 0.998698 0.194726
v 0.738795 0.231645 0.295371
v 1.053530 0.232492 0.303192
v 1.074681 0.183926 0.303389
v 0.212914 1.067929 0.333956
v 0.542702 0.774535 0.291176
v 1.203554 0.776315 0.307598
v 1.201857 0.308109 0.307005
v 0.398301 0.902654 0.336245
v 1.052050 0.775907 0.303833
v 1.201994 0.346041 0.307053
v 1.203194 0.674470 0.307469
v 1.181043 0.233033 0.306606
v 0.542644 0.795954 0.291201
v 0.737257 0.796478 0.296037
v 1.051992 0.797325 0.303858
v 1.112453 0.998723 0.306645
v 1.053549 0.998565 0.304124
v 0.212974 1.045895 0.333930
v 0.215586 1.046132 0.139456
v 0.542762 0.752501 0.291150
v 0.544843 0.752690 0.136214
v 0.398361 0.880620 0.336219
v 0.400972 0.880857 0.141745
v 0.542704 0.773919 0.291175
v 0.544785 0.774108 0.136239
v 0.737317 0.774444 0.296011
v 0.739164 0.774611 0.158474
v 1.052052 0.775291 0.303832
v 1.053521 0.775424 0.194434
v 0.740417 0.269169 0.159576
v 1.054774 0.269982 0.195536
v 0.738607 0.255510 0.297097
v 1.053342 0.256358 0.304918
v 0.010901 -0.038760 0.112293
v 0.001538 -0.038785 0.112167
v 0.005543 -1.510260 0.110430
v 0.067082 -0.038608 0.113048
v 0.071088 -1.510082 0.111310
v 0.014907 -1.510234 0.110556
v 0.401850 0.735745 0.105637
v 0.403347 0.185839 0.104988
v 0.218777 0.051454 0.102346
v 0.216654 0.831154 0.103266
v 0.395805 0.691231 0.084711
v 0.397063 0.229156 0.084166
v 0.225358 0.104138 0.081708
v 0.223518 0.779990 0.082505
v 0.736922 0.832960 0.313638
v 0.542279 0.832433 0.311024
v 1.051705 0.833812 0.317867
v 0.542544 0.832458 0.291245
v 0.737158 0.832982 0.296081
v 1.051893 0.833829 0.303901
v 0.160703 -1.264577 0.099964
v 0.160036 -1.019331 0.100254
v 0.159368 -0.774085 0.100543
v 0.158700 -0.528840 0.100833
v 0.158033 -0.283594 0.101122
v 0.154693 -0.316255 0.356321
v 0.155347 -0.556707 0.356037
v 0.156002 -0.797159 0.355753
v 0.156656 -1.037612 0.355469
v 0.157311 -1.278064 0.355185
v 0.064582 -0.316499 0.355110
v 0.065237 -0.556951 0.354826
v 0.065891 -0.797403 0.354542
v 0.066546 -1.037856 0.354259
v 0.067200 -1.278308 0.353975
v 0.067922 -0.283838 0.099912
v 0.068590 -0.529084 0.099622
v 0.069257 -0.774329 0.099333
v 0.069925 -1.019575 0.099043
v 0.070592 -1.264821 0.098754
v 0.156574 -0.294512 0.211919
v 0.157237 -0.538160 0.211631
v 0.157900 -0.781808 0.211344
v 0.158564 -1.025456 0.211056
v 0.159227 -1.269104 0.210768
v 0.156134 -0.305338 0.246814
v 0.156793 -0.547388 0.246528
v 0.157452 -0.789438 0.246243
v 0.158111 -1.031489 0.245957
v 0.158770 -1.273539 0.245671
v -0.001244 -0.316702 0.375175
v -0.000589 -0.557154 0.374891
v 0.000066 -0.797606 0.374607
v 0.000720 -1.038059 0.374324
v 0.001375 -1.278511 0.374040
v 0.064301 -0.316524 0.376056
v 0.064955 -0.556976 0.375772
v 0.065610 -0.797429 0.375488
v 0.066264 -1.037881 0.375204
v 0.066919 -1.278333 0.374920
v 0.168846 -0.294479 0.212084
v 0.169509 -0.538127 0.211796
v 0.170173 -0.781775 0.211509
v 0.170836 -1.025423 0.211221
v 0.171499 -1.269071 0.210933
v 0.168406 -0.305305 0.246979
v 0.169065 -0.547355 0.246693
v 0.169724 -0.789405 0.246407
v 0.170383 -1.031455 0.246122
v 0.171042 -1.273505 0.245836
v 0.008120 -0.316676 0.375301
v 0.008775 -0.557129 0.375017
v 0.009429 -0.797581 0.374733
v 0.010084 -1.038033 0.374449
v 0.010738 -1.278485 0.374166
v 0.002205 -0.284031 0.111877
v 0.002873 -0.529277 0.111588
v 0.003540 -0.774522 0.111298
v 0.004208 -1.019768 0.111009
v 0.004876 -1.265014 0.110719
v 0.067749 -0.283854 0.112758
v 0.068417 -0.529099 0.112468
v 0.069085 -0.774345 0.112179
v 0.069752 -1.019591 0.111889
v 0.070420 -1.264836 0.111600
v 0.011569 -0.284006 0.112003
v 0.012236 -0.529251 0.111714
v 0.012904 -0.774497 0.111424
v 0.013572 -1.019743 0.111135
v 0.014239 -1.264988 0.110845
usemtl Metal_body
s off
f 326 318 2
f 144 149 86
f 119 113 158
f 3 250 535
f 11 5 31
f 7 13 100
f 265 121 394
f 532 252 16
f 29 321 290
f 120 256 379
f 158 113 116
f 16 252 263
f 11 288 321
f 535 532 28
f 110 119 26
f 86 244 243
f 291 293 33
f 12 32 30
f 287 291 31
f 320 292 32
f 9 498 502
f 161 116 120
f 24 263 265
f 34 120 383
f 482 485 37
f 86 440 459
f 143 2 91
f 3 38 94
f 123 446 437
f 149 451 440
f 13 141 140
f 735 446 449
f 117 160 37
f 259 255 119
f 534 11 29
f 112 159 160
f 35 484 492
f 533 29 159
f 114 253 389
f 5 11 534
f 119 255 261
f 560 555 142
f 546 565 148
f 555 575 324
f 18 296 289
f 25 160 159
f 18 158 161
f 203 202 201
f 243 244 248
f 245 242 246
f 91 2 242
f 318 313 242
f 245 407 405
f 244 459 461
f 872 458 460
f 313 345 246
f 255 27 15
f 36 256 278
f 259 9 27
f 263 117 121
f 264 251 539
f 252 112 117
f 532 533 112
f 285 283 397
f 250 107 534
f 36 276 372
f 121 37 393
f 495 23 161
f 314 243 247
f 314 315 345
f 319 1 243
f 314 313 408
f 298 297 346
f 17 159 290
f 330 290 289
f 570 546 145
f 288 11 33
f 320 288 293
f 286 6 30
f 286 323 291
f 323 30 32
f 291 323 292
f 320 12 26
f 288 320 322
f 502 499 15
f 322 26 158
f 321 322 289
f 294 144 1
f 19 384 387
f 256 120 116
f 115 377 381
f 509 366 542
f 16 24 368
f 15 499 507
f 24 35 369
f 21 392 397
f 256 36 380
f 383 377 378
f 378 386 385
f 380 384 381
f 379 381 377
f 380 388 387
f 282 284 385
f 36 376 388
f 34 382 385
f 262 381 384
f 115 22 378
f 22 282 386
f 375 387 388
f 391 396 389
f 394 393 392
f 396 394 395
f 393 398 397
f 391 390 400
f 37 285 398
f 253 20 390
f 373 399 400
f 35 391 399
f 21 114 395
f 20 374 400
f 35 265 396
f 470 471 1047
f 245 458 471
f 286 287 415
f 458 872 1047
f 405 407 471
f 458 245 249
f 459 873 879
f 437 638 1174
f 446 123 133
f 451 767 636
f 446 735 638
f 440 636 873
f 479 16 367
f 490 367 368
f 491 368 369
f 28 16 479
f 484 503 509
f 478 10 28
f 161 34 496
f 503 36 366
f 502 498 512
f 499 514 518
f 490 519 515
f 479 515 517
f 509 508 520
f 490 491 521
f 499 502 516
f 508 507 518
f 492 509 522
f 483 517 513
f 491 492 523
f 485 482 524
f 495 496 527
f 495 526 524
f 600 605 531
f 605 1252 1175
f 148 565 600
f 92 437 528
f 264 118 533
f 109 534 533
f 109 251 535
f 251 264 532
f 539 538 537
f 109 118 537
f 251 109 538
f 118 264 536
f 365 507 543
f 561 92 529
f 562 561 596
f 563 562 597
f 564 563 598
f 565 564 599
f 528 1174 1248
f 601 1248 1249
f 604 1251 1252
f 529 528 601
f 599 604 605
f 287 5 550
f 566 550 549
f 569 547 546
f 6 286 571
f 551 571 572
f 554 574 575
f 5 92 561
f 550 561 562
f 564 565 546
f 87 6 551
f 556 551 552
f 559 554 555
f 957 761 607
f 701 771 762
f 734 631 784
f 1182 880 608
f 641 610 616
f 715 618 612
f 1027 737 895
f 1179 633 621
f 921 952 634
f 1012 886 736
f 731 728 784
f 893 882 621
f 952 919 616
f 1182 615 633
f 725 617 631
f 701 606 869
f 922 641 643
f 617 611 640
f 918 610 641
f 951 617 642
f 1147 1143 614
f 736 731 787
f 895 893 629
f 1016 736 644
f 1127 786 647
f 1099 1080 701
f 761 769 706
f 608 705 709
f 1077 1086 739
f 1080 1091 771
f 618 715 758
f 1089 1086 735
f 647 786 732
f 889 725 734
f 634 616 1181
f 786 785 727
f 1137 1129 645
f 785 634 1180
f 883 729 1028
f 610 722 1181
f 891 885 734
f 760 1202 1207
f 770 1212 1193
f 955 1222 1202
f 920 927 623
f 630 622 785
f 623 628 787
f 829 830 827
f 876 870 869
f 874 868 871
f 868 607 706
f 949 607 868
f 871 706 1042
f 1101 1099 870
f 1100 1098 872
f 944 868 874
f 620 632 885
f 909 886 646
f 632 614 889
f 737 732 893
f 1186 881 894
f 732 727 882
f 727 1180 1179
f 1030 914 916
f 1181 722 880
f 1005 907 646
f 1026 647 737
f 928 630 1127
f 875 869 945
f 945 944 976
f 869 606 950
f 1048 944 945
f 979 928 929
f 622 961 921
f 961 927 920
f 763 1193 1217
f 643 616 919
f 924 919 951
f 640 611 917
f 917 918 922
f 642 640 954
f 923 954 922
f 631 617 951
f 953 951 919
f 1147 632 620
f 784 631 953
f 920 953 952
f 606 762 925
f 624 1008 1020
f 731 736 886
f 730 892 1014
f 1189 999 1154
f 1001 629 621
f 1152 1144 620
f 1002 645 629
f 626 914 1030
f 1013 646 886
f 1016 1015 1011
f 1011 1015 1018
f 1013 1012 1014
f 1010 1014 1012
f 1013 1017 1020
f 1018 915 913
f 1021 1009 646
f 644 915 1018
f 892 624 1017
f 1011 627 730
f 1019 913 627
f 1008 1009 1021
f 1022 1029 1024
f 1025 1026 1027
f 1028 1027 1029
f 1026 1025 1030
f 1033 1023 1024
f 1031 916 647
f 1023 625 883
f 1006 1007 1033
f 645 1006 1032
f 1028 729 626
f 1033 1007 625
f 1029 895 645
f 1110 1043 1047
f 1111 1098 871
f 1055 918 917
f 1047 872 1098
f 1042 1110 1111
f 877 871 1098
f 879 873 1099
f 1174 638 1077
f 751 739 1086
f 636 767 1091
f 638 735 1086
f 873 636 1080
f 1000 621 1124
f 1001 1000 1135
f 1002 1001 1136
f 633 1128 1124
f 1154 1148 1129
f 633 615 1123
f 787 1140 1141
f 999 646 1148
f 1157 1143 1147
f 1144 1152 1163
f 1135 1124 1160
f 1124 1128 1162
f 1165 1153 1154
f 1166 1136 1135
f 1161 1147 1144
f 1163 1152 1153
f 1167 1154 1137
f 1128 1123 1158
f 1168 1137 1136
f 1169 1127 1130
f 1172 1141 1140
f 1140 1127 1169
f 1178 1262 1257
f 1175 1252 1262
f 1257 1212 770
f 1173 1077 707
f 1180 733 894
f 724 733 1180
f 1182 881 724
f 1179 894 881
f 1184 1185 1186
f 1184 733 724
f 1185 724 881
f 1183 894 733
f 1190 1152 998
f 1176 707 1208
f 1253 1208 1209
f 1254 1209 1210
f 1255 1210 1211
f 1256 1211 1212
f 1248 1174 1173
f 1249 1248 1258
f 1252 1251 1261
f 1258 1173 1176
f 1262 1261 1256
f 1197 610 918
f 1196 1197 1213
f 1193 1194 1216
f 1218 917 611
f 1219 1218 1198
f 1222 1221 1201
f 1208 707 610
f 1209 1208 1197
f 1211 1194 1193
f 1198 611 702
f 1199 1198 1203
f 1202 1201 1206
f 326 2 143
f 144 86 1
f 119 158 26
f 3 535 10
f 11 31 33
f 7 100 97
f 265 394 396
f 532 16 28
f 29 290 159
f 120 379 383
f 158 116 161
f 16 263 24
f 11 321 29
f 535 28 10
f 110 26 12
f 86 243 1
f 291 33 31
f 12 30 6
f 287 31 5
f 320 32 12
f 9 502 27
f 161 120 34
f 24 265 35
f 34 383 382
f 482 37 160
f 86 459 244
f 143 91 147
f 3 94 90
f 123 437 92
f 149 440 86
f 13 140 100
f 735 449 750
f 117 37 121
f 259 119 110
f 534 29 533
f 112 160 117
f 35 492 369
f 533 159 112
f 114 389 395
f 5 534 107
f 119 261 113
f 560 142 146
f 546 148 145
f 555 324 142
f 18 289 158
f 25 159 17
f 18 161 23
f 203 201 204
f 243 248 247
f 245 246 249
f 91 242 245
f 318 242 2
f 245 405 91
f 244 461 248
f 872 460 878
f 313 246 242
f 255 15 261
f 36 278 276
f 259 27 255
f 263 121 265
f 264 539 536
f 252 117 263
f 532 112 252
f 285 397 398
f 250 534 535
f 36 372 366
f 121 393 394
f 23 495 298
f 298 495 297
f 482 25 297
f 25 482 160
f 482 297 495
f 314 247 315
f 314 345 313
f 319 243 314
f 314 408 409
f 298 346 347
f 17 290 330
f 330 289 296
f 570 145 325
f 288 33 293
f 320 293 292
f 286 30 323
f 286 291 287
f 323 32 292
f 291 292 293
f 320 26 322
f 288 322 321
f 502 15 27
f 322 158 289
f 321 289 290
f 294 1 319
f 19 387 375
f 256 116 254
f 115 381 262
f 509 542 545
f 16 368 367
f 15 507 365
f 24 369 368
f 21 397 283
f 256 380 379
f 383 378 382
f 378 385 382
f 380 381 379
f 379 377 383
f 380 387 384
f 282 385 386
f 36 388 380
f 34 385 284
f 262 384 19
f 115 378 377
f 22 386 378
f 375 388 376
f 391 389 390
f 394 392 395
f 396 395 389
f 393 397 392
f 391 400 399
f 37 398 393
f 253 390 389
f 373 400 374
f 35 399 373
f 21 395 392
f 20 400 390
f 35 396 391
f 470 1047 1043
f 245 471 407
f 286 415 414
f 458 1047 471
f 405 471 470
f 458 249 460
f 459 879 461
f 437 1174 528
f 446 133 449
f 451 636 440
f 446 638 437
f 440 873 459
f 479 367 490
f 490 368 491
f 491 369 492
f 28 479 483
f 484 509 492
f 478 28 483
f 161 496 495
f 503 366 509
f 502 512 516
f 499 518 507
f 490 515 479
f 479 517 483
f 509 520 522
f 490 521 519
f 499 516 514
f 508 518 520
f 492 522 523
f 483 513 478
f 491 523 521
f 485 524 525
f 495 527 526
f 495 524 482
f 600 531 530
f 605 1175 531
f 148 600 530
f 92 528 529
f 264 533 532
f 109 533 118
f 109 535 534
f 251 532 535
f 539 537 536
f 109 537 538
f 251 538 539
f 118 536 537
f 365 543 541
f 561 529 596
f 562 596 597
f 563 597 598
f 564 598 599
f 565 599 600
f 528 1248 601
f 601 1249 602
f 604 1252 605
f 529 601 596
f 599 605 600
f 287 550 566
f 566 549 567
f 569 546 570
f 6 571 551
f 551 572 552
f 554 575 555
f 5 561 550
f 550 562 549
f 564 546 547
f 87 551 556
f 556 552 557
f 559 555 560
f 957 607 949
f 701 762 606
f 734 784 728
f 1182 608 615
f 641 616 643
f 715 612 712
f 1027 895 1029
f 1179 621 882
f 921 634 785
f 1012 736 1016
f 731 784 787
f 893 621 629
f 952 616 634
f 1182 633 1179
f 725 631 734
f 701 869 870
f 922 643 924
f 617 640 642
f 918 641 922
f 951 642 923
f 1147 614 632
f 736 787 644
f 895 629 645
f 1016 644 1015
f 1127 647 1130
f 1099 701 870
f 761 706 607
f 608 709 648
f 1077 739 707
f 1080 771 701
f 618 758 759
f 1089 735 750
f 647 732 737
f 889 734 885
f 634 1181 1180
f 786 727 732
f 1137 645 1002
f 785 1180 727
f 883 1028 1022
f 610 1181 616
f 891 734 728
f 760 1207 768
f 770 1193 763
f 955 1202 760
f 920 623 784
f 630 785 786
f 623 787 784
f 829 827 828
f 876 869 875
f 874 871 877
f 868 706 871
f 949 868 944
f 871 1042 1045
f 1101 870 876
f 1100 872 878
f 944 874 976
f 620 885 891
f 909 646 907
f 632 889 885
f 737 893 895
f 1186 894 1183
f 732 882 893
f 727 1179 882
f 1030 916 1031
f 1181 880 1182
f 1005 646 999
f 1026 737 1027
f 928 1140 929
f 929 1140 628
f 628 1140 787
f 1140 928 1127
f 1127 630 786
f 875 945 946
f 945 976 946
f 869 950 945
f 1048 945 1049
f 979 929 980
f 622 921 785
f 961 920 921
f 763 1217 956
f 643 919 924
f 924 951 923
f 640 917 954
f 917 922 954
f 642 954 923
f 923 922 924
f 631 951 953
f 953 919 952
f 1147 620 1144
f 784 953 920
f 920 952 921
f 606 925 950
f 624 1020 1017
f 731 886 884
f 730 1014 1010
f 1189 1154 1192
f 1001 621 1000
f 1152 620 998
f 1002 629 1001
f 626 1030 1025
f 1013 886 1012
f 1016 1011 1010
f 1011 1018 1019
f 1013 1014 1017
f 1010 1012 1016
f 1013 1020 1021
f 1018 913 1019
f 1021 646 1013
f 644 1018 1015
f 892 1017 1014
f 1011 730 1010
f 1019 627 1011
f 1008 1021 1020
f 1022 1024 1023
f 1025 1027 1028
f 1028 1029 1022
f 1026 1030 1031
f 1033 1024 1032
f 1031 647 1026
f 1023 883 1022
f 1006 1033 1032
f 645 1032 1024
f 1028 626 1025
f 1033 625 1023
f 1029 645 1024
f 1110 1047 1111
f 1111 871 1045
f 1055 917 1054
f 1047 1098 1111
f 1042 1111 1045
f 877 1098 1100
f 879 1099 1101
f 1174 1077 1173
f 751 1086 1089
f 636 1091 1080
f 638 1086 1077
f 873 1080 1099
f 1000 1124 1135
f 1001 1135 1136
f 1002 1136 1137
f 633 1124 621
f 1154 1129 1137
f 633 1123 1128
f 787 1141 644
f 999 1148 1154
f 1157 1147 1161
f 1144 1163 1159
f 1135 1160 1164
f 1124 1162 1160
f 1165 1154 1167
f 1166 1135 1164
f 1161 1144 1159
f 1163 1153 1165
f 1167 1137 1168
f 1128 1158 1162
f 1168 1136 1166
f 1169 1130 1170
f 1172 1140 1171
f 1140 1169 1171
f 1178 1257 1177
f 1175 1262 1178
f 1257 770 1177
f 1173 707 1176
f 1180 894 1179
f 724 1180 1181
f 1182 724 1181
f 1179 881 1182
f 1184 1186 1183
f 1184 724 1185
f 1185 881 1186
f 1183 733 1184
f 1190 998 1188
f 1176 1208 1253
f 1253 1209 1254
f 1254 1210 1255
f 1255 1211 1256
f 1256 1212 1257
f 1248 1173 1258
f 1249 1258 1259
f 1252 1261 1262
f 1258 1176 1253
f 1262 1256 1257
f 1197 918 1213
f 1196 1213 1214
f 1193 1216 1217
f 1218 611 1198
f 1219 1198 1199
f 1222 1201 1202
f 1208 610 1197
f 1209 1197 1196
f 1211 1193 1212
f 1198 702 1203
f 1199 1203 1204
f 1202 1206 1207
usemtl Cockpit
f 6 87 89
f 9 259 260
f 442 463 477
f 122 108 8
f 87 441 443
f 266 258 108
f 110 12 14
f 14 12 136
f 111 14 135
f 13 260 272
f 260 111 134
f 88 7 258
f 259 110 111
f 442 88 266
f 463 266 122
f 441 473 475
f 447 122 89
f 447 443 475
f 463 447 476
f 704 702 611
f 890 889 614
f 1122 1103 1082
f 613 723 738
f 1083 1081 702
f 723 888 896
f 619 617 725
f 754 617 619
f 753 619 726
f 903 890 618
f 752 726 890
f 888 612 703
f 726 725 889
f 896 703 1082
f 738 896 1103
f 1081 1083 1120
f 704 738 1087
f 1120 1083 1087
f 1121 1087 1103
f 6 89 8
f 9 260 13
f 442 477 474
f 122 8 89
f 87 443 89
f 266 108 122
f 110 14 111
f 14 136 135
f 111 135 134
f 13 272 141
f 260 134 272
f 88 258 266
f 259 111 260
f 442 266 463
f 463 122 447
f 441 475 443
f 447 89 443
f 447 475 476
f 463 476 477
f 704 611 613
f 890 614 618
f 1122 1082 1119
f 613 738 704
f 1083 702 704
f 723 896 738
f 619 725 726
f 754 619 753
f 753 726 752
f 903 618 759
f 752 890 903
f 888 703 896
f 726 889 890
f 896 1082 1103
f 738 1103 1087
f 1081 1120 1118
f 704 1087 1083
f 1120 1087 1121
f 1121 1103 1122
usemtl Metal_accent
f 8 98 99
f 765 453 469
f 99 98 101
f 98 124 125
f 125 269 273
f 12 6 99
f 8 108 124
f 108 258 268
f 12 102 139
f 124 268 269
f 135 136 139
f 272 273 140
f 135 138 137
f 102 101 138
f 101 125 137
f 87 556 576
f 776 456 457
f 452 456 776
f 147 453 457
f 134 137 273
f 441 637 1113
f 268 97 100
f 258 7 97
f 269 100 140
f 1036 469 466
f 1227 595 468
f 91 401 403
f 1035 466 472
f 637 441 467
f 146 452 468
f 405 470 472
f 91 405 406
f 470 1043 1046
f 452 764 1040
f 441 87 402
f 466 401 406
f 595 580 404
f 469 403 401
f 453 765 777
f 146 154 456
f 456 154 155
f 453 147 403
f 1116 477 476
f 1117 474 477
f 467 402 576
f 591 576 577
f 592 577 578
f 593 578 579
f 594 579 580
f 1037 467 591
f 1223 591 592
f 1224 592 593
f 1225 593 594
f 1226 594 595
f 560 146 404
f 559 560 580
f 558 559 579
f 557 558 578
f 556 557 577
f 613 611 714
f 1109 1093 765
f 716 713 714
f 741 740 713
f 904 899 741
f 714 611 617
f 740 723 613
f 898 888 723
f 757 717 617
f 899 898 740
f 757 754 753
f 903 759 758
f 753 752 755
f 756 716 717
f 755 741 716
f 1228 1203 702
f 1097 1096 776
f 1092 764 776
f 1097 1093 769
f 752 903 904
f 1113 637 1081
f 715 712 898
f 712 612 888
f 758 715 899
f 1106 1109 1036
f 1108 1247 1227
f 706 769 1039
f 1112 1106 1035
f 1107 1081 637
f 1108 1092 768
f 1112 1110 1042
f 706 1034 1044
f 1046 1043 1110
f 1040 764 1092
f 1038 702 1081
f 1044 1034 1106
f 1041 1232 1247
f 1034 1039 1109
f 777 765 1093
f 768 1092 1096
f 781 780 1096
f 1039 769 1093
f 1121 1122 1116
f 1122 1119 1117
f 1228 1038 1107
f 1229 1228 1243
f 1230 1229 1244
f 1231 1230 1245
f 1232 1231 1246
f 1243 1107 1037
f 1244 1243 1223
f 1245 1244 1224
f 1246 1245 1225
f 1247 1246 1226
f 1041 768 1207
f 1232 1207 1206
f 1231 1206 1205
f 1230 1205 1204
f 1229 1204 1203
f 8 99 6
f 765 469 1036
f 99 101 102
f 98 125 101
f 125 273 137
f 12 99 102
f 8 124 98
f 108 268 124
f 12 139 136
f 124 269 125
f 135 139 138
f 272 140 141
f 135 137 134
f 102 138 139
f 101 137 138
f 87 576 402
f 776 457 777
f 452 776 764
f 147 457 155
f 134 273 272
f 441 1113 473
f 268 100 269
f 258 97 268
f 269 140 273
f 1036 466 1035
f 1227 468 1040
f 91 403 147
f 1035 472 1046
f 637 467 1037
f 146 468 404
f 405 472 406
f 91 406 401
f 470 1046 472
f 452 1040 468
f 441 402 467
f 466 406 472
f 595 404 468
f 469 401 466
f 453 777 457
f 146 456 452
f 456 155 457
f 453 403 469
f 1116 476 1115
f 1117 477 1116
f 467 576 591
f 591 577 592
f 592 578 593
f 593 579 594
f 594 580 595
f 1037 591 1223
f 1223 592 1224
f 1224 593 1225
f 1225 594 1226
f 1226 595 1227
f 560 404 580
f 559 580 579
f 558 579 578
f 557 578 577
f 556 577 576
f 613 714 713
f 1109 765 1036
f 716 714 717
f 741 713 716
f 904 741 755
f 714 617 717
f 740 613 713
f 898 723 740
f 757 617 754
f 899 740 741
f 757 753 756
f 903 758 904
f 753 755 756
f 756 717 757
f 755 716 756
f 1228 702 1038
f 1097 776 777
f 1092 776 1096
f 1097 769 781
f 752 904 755
f 1113 1081 1118
f 715 898 899
f 712 888 898
f 758 899 904
f 1106 1036 1035
f 1108 1227 1040
f 706 1039 1034
f 1112 1035 1046
f 1107 637 1037
f 1108 768 1041
f 1112 1042 1044
f 706 1044 1042
f 1046 1110 1112
f 1040 1092 1108
f 1038 1081 1107
f 1044 1106 1112
f 1041 1247 1108
f 1034 1109 1106
f 777 1093 1097
f 768 1096 780
f 781 1096 1097
f 1039 1093 1109
f 1121 1116 1115
f 1122 1117 1116
f 1228 1107 1243
f 1229 1243 1244
f 1230 1244 1245
f 1231 1245 1246
f 1232 1246 1247
f 1243 1037 1223
f 1244 1223 1224
f 1245 1224 1225
f 1246 1225 1226
f 1247 1226 1227
f 1041 1207 1232
f 1232 1206 1231
f 1231 1205 1230
f 1230 1204 1229
f 1229 1203 1228
usemtl Dull_metal/rubber
f 7 88 93
f 5 107 126
f 419 39 45
f 52 43 425
f 167 168 185
f 436 438 652
f 39 421 431
f 13 40 422
f 652 438 439
f 422 40 44
f 96 66 439
f 445 60 95
f 58 433 434
f 46 65 75
f 40 93 95
f 418 38 10
f 53 41 50
f 66 4 49
f 55 428 429
f 61 46 47
f 58 56 432
f 65 653 657
f 42 60 71
f 41 56 83
f 57 42 51
f 54 52 426
f 61 655 653
f 56 45 431
f 53 45 41
f 55 54 427
f 57 44 42
f 59 434 435
f 60 62 63
f 63 62 64
f 64 62 61
f 65 67 68
f 68 67 69
f 69 67 66
f 57 82 84
f 59 84 85
f 58 85 83
f 75 65 68
f 77 68 69
f 76 69 66
f 61 70 72
f 64 72 73
f 63 73 71
f 79 52 54
f 81 54 55
f 80 55 53
f 4 52 79
f 93 444 445
f 94 38 43
f 88 442 444
f 92 5 103
f 3 90 105
f 90 267 270
f 123 92 106
f 257 270 127
f 639 442 474
f 107 250 257
f 271 462 449
f 123 267 271
f 90 436 448
f 766 450 531
f 148 450 454
f 147 155 151
f 148 156 153
f 294 329 152
f 146 142 150
f 156 454 455
f 154 150 151
f 153 156 157
f 150 327 295
f 149 144 152
f 451 455 779
f 324 327 150
f 419 478 39
f 171 337 332
f 168 335 299
f 172 171 183
f 199 240 197
f 162 342 331
f 163 164 184
f 162 182 185
f 164 308 333
f 187 344 311
f 163 343 344
f 165 309 312
f 164 163 187
f 233 235 234
f 180 181 195
f 179 180 232
f 178 179 229
f 181 178 196
f 198 238 237
f 199 197 202
f 228 199 200
f 205 211 200
f 228 222 239
f 222 205 198
f 236 200 204
f 197 236 201
f 200 199 203
f 194 233 210
f 217 210 209
f 218 209 208
f 219 208 207
f 220 207 206
f 221 206 205
f 196 194 217
f 223 217 218
f 224 218 219
f 225 219 220
f 226 220 221
f 227 221 222
f 233 195 216
f 210 216 215
f 209 215 214
f 208 214 213
f 207 213 212
f 206 212 211
f 196 223 216
f 216 223 224
f 224 225 214
f 225 226 213
f 213 226 227
f 212 227 228
f 229 232 234
f 231 234 235
f 230 235 233
f 239 198 237
f 241 237 238
f 240 238 236
f 194 231 230
f 460 465 977
f 246 345 316
f 267 90 132
f 132 448 462
f 250 3 104
f 104 105 270
f 267 123 127
f 421 39 13
f 315 247 248
f 345 315 317
f 464 461 879
f 465 464 978
f 308 164 188
f 309 308 311
f 342 162 186
f 343 342 310
f 310 186 189
f 344 310 312
f 165 185 299
f 163 183 332
f 342 343 332
f 301 172 184
f 338 167 182
f 338 331 332
f 325 145 153
f 324 325 328
f 328 153 152
f 327 328 329
f 326 143 151
f 326 295 329
f 294 413 410
f 418 420 419
f 421 423 422
f 427 429 428
f 433 435 434
f 422 430 431
f 425 418 419
f 38 418 425
f 316 317 464
f 317 248 461
f 448 749 901
f 249 316 465
f 149 157 455
f 454 778 779
f 450 766 778
f 436 635 749
f 462 901 750
f 442 639 650
f 444 650 655
f 438 94 96
f 90 94 438
f 1115 476 475
f 473 1113 1114
f 514 515 519
f 518 519 521
f 520 521 523
f 517 515 514
f 512 513 517
f 498 478 513
f 526 527 525
f 450 148 530
f 708 703 612
f 742 722 610
f 660 649 1059
f 1065 667 1066
f 811 794 793
f 1076 635 652
f 1071 1061 649
f 1062 618 1063
f 1079 1078 652
f 659 651 1062
f 681 609 711
f 675 677 1085
f 673 674 1074
f 690 680 661
f 710 708 651
f 648 1058 615
f 665 654 668
f 664 609 681
f 670 668 1069
f 662 661 676
f 1072 671 673
f 657 680 682
f 686 675 656
f 698 671 654
f 666 656 672
f 1066 667 669
f 653 676 661
f 1071 671 1072
f 660 668 654
f 1067 669 670
f 659 672 656
f 674 672 1075
f 675 678 677
f 678 679 677
f 679 676 677
f 680 683 682
f 683 684 682
f 684 681 682
f 699 697 672
f 700 699 674
f 698 700 673
f 683 680 690
f 684 683 692
f 681 684 691
f 687 685 676
f 688 687 679
f 686 688 678
f 669 667 694
f 670 669 696
f 668 670 695
f 694 667 609
f 1085 1084 708
f 658 648 709
f 1084 1082 703
f 718 610 707
f 720 705 608
f 900 897 705
f 721 707 739
f 743 900 887
f 1119 1082 639
f 887 880 722
f 1089 1102 902
f 902 897 739
f 1088 1076 705
f 1178 1090 766
f 1094 1090 770
f 769 761 773
f 770 763 775
f 925 762 774
f 772 760 768
f 1095 1094 782
f 773 772 780
f 783 782 775
f 926 958 772
f 774 762 771
f 1091 767 779
f 955 760 772
f 1123 649 1143
f 963 968 797
f 930 966 794
f 809 797 798
f 866 825 823
f 962 973 788
f 810 790 789
f 788 791 811
f 964 939 790
f 942 975 813
f 975 974 789
f 943 940 791
f 813 789 790
f 859 860 861
f 821 807 806
f 858 806 805
f 855 805 804
f 822 804 807
f 824 863 864
f 828 823 825
f 854 837 826
f 826 837 831
f 865 848 854
f 824 831 848
f 830 826 862
f 827 862 823
f 829 825 826
f 836 859 820
f 835 836 843
f 834 835 844
f 833 834 845
f 832 833 846
f 831 832 847
f 843 820 822
f 844 843 849
f 845 844 850
f 846 845 851
f 847 846 852
f 848 847 853
f 842 821 859
f 841 842 836
f 840 841 835
f 839 840 834
f 838 839 833
f 837 838 832
f 822 821 842
f 850 849 842
f 850 841 840
f 851 840 839
f 853 852 839
f 854 853 838
f 860 858 855
f 861 860 857
f 859 861 856
f 863 824 865
f 864 863 867
f 862 864 866
f 857 822 820
f 977 1105 1100
f 947 976 874
f 748 705 897
f 1102 1088 748
f 719 608 880
f 900 720 719
f 743 739 897
f 649 1061 618
f 875 946 948
f 948 946 976
f 879 1101 1104
f 978 1104 1105
f 814 790 939
f 942 939 940
f 812 788 973
f 941 973 974
f 815 812 941
f 943 941 975
f 791 940 930
f 789 974 963
f 963 974 973
f 810 798 932
f 808 793 969
f 969 968 963
f 775 763 956
f 959 956 955
f 774 775 959
f 960 959 958
f 773 761 957
f 957 925 960
f 925 957 1050
f 1058 1059 1060
f 1061 1062 1063
f 1067 1065 1066
f 1072 1075 1071
f 1071 1070 1062
f 1059 1058 1065
f 1065 1058 648
f 1104 948 947
f 1101 876 948
f 901 749 1088
f 1105 947 877
f 771 1091 1095
f 779 778 1094
f 778 766 1090
f 749 635 1076
f 750 901 1102
f 650 639 1082
f 655 650 1084
f 711 709 1078
f 705 1076 1078
f 1120 1121 1115
f 1114 1113 1118
f 1164 1160 1159
f 1166 1164 1163
f 1168 1166 1165
f 1162 1161 1159
f 1162 1158 1157
f 1158 1123 1143
f 1171 1169 1170
f 1177 770 1090
f 7 93 40
f 5 126 103
f 419 45 424
f 43 52 4
f 52 425 426
f 167 185 182
f 436 652 635
f 39 431 45
f 40 13 7
f 13 422 423
f 652 439 657
f 422 44 430
f 657 439 67
f 67 439 66
f 66 96 4
f 4 96 43
f 44 95 42
f 42 95 60
f 60 445 62
f 62 445 655
f 58 434 59
f 46 75 47
f 40 95 44
f 420 418 10
f 10 38 3
f 53 50 78
f 66 49 74
f 55 429 53
f 61 47 70
f 58 432 433
f 653 65 46
f 65 657 67
f 42 71 51
f 41 83 50
f 57 51 82
f 54 426 427
f 655 61 62
f 61 653 46
f 45 56 41
f 56 431 432
f 45 53 424
f 424 53 429
f 55 427 428
f 44 57 430
f 430 57 435
f 59 435 57
f 57 84 59
f 59 85 58
f 58 83 56
f 75 68 77
f 77 69 76
f 76 66 74
f 61 72 64
f 64 73 63
f 63 71 60
f 79 54 81
f 81 55 80
f 80 53 78
f 4 79 49
f 93 445 95
f 94 43 96
f 88 444 93
f 92 103 106
f 3 105 104
f 90 270 105
f 123 106 127
f 257 127 126
f 639 474 1117
f 107 257 126
f 271 449 133
f 123 271 133
f 90 448 132
f 766 531 1175
f 148 454 156
f 147 151 143
f 148 153 145
f 294 152 144
f 146 150 154
f 156 455 157
f 154 151 155
f 153 157 152
f 150 295 151
f 149 152 157
f 451 779 767
f 324 150 142
f 39 498 9
f 478 419 10
f 10 419 420
f 39 478 498
f 171 332 183
f 168 299 185
f 172 183 184
f 241 240 239
f 239 240 199
f 162 331 182
f 163 184 183
f 162 185 165
f 164 333 184
f 187 311 188
f 163 344 187
f 165 312 189
f 164 187 188
f 233 234 195
f 195 234 232
f 180 195 232
f 179 232 229
f 178 229 196
f 181 196 195
f 236 238 200
f 200 238 198
f 199 202 203
f 228 200 211
f 205 200 198
f 228 239 199
f 222 198 239
f 236 204 201
f 197 201 202
f 200 203 204
f 194 210 217
f 217 209 218
f 218 208 219
f 219 207 220
f 220 206 221
f 221 205 222
f 196 217 223
f 223 218 224
f 224 219 225
f 225 220 226
f 226 221 227
f 227 222 228
f 233 216 210
f 210 215 209
f 209 214 208
f 208 213 207
f 207 212 206
f 206 211 205
f 196 216 195
f 216 224 215
f 224 214 215
f 225 213 214
f 213 227 212
f 212 228 211
f 229 234 231
f 231 235 230
f 230 233 194
f 239 237 241
f 241 238 240
f 240 236 197
f 231 196 229
f 196 231 194
f 460 977 878
f 246 316 249
f 267 132 271
f 132 462 271
f 250 104 257
f 104 270 257
f 267 127 270
f 423 421 13
f 13 39 9
f 315 248 317
f 345 317 316
f 464 879 978
f 465 978 977
f 308 188 311
f 309 311 312
f 342 186 310
f 343 310 344
f 310 189 312
f 344 312 311
f 165 299 309
f 163 332 343
f 342 332 331
f 301 184 333
f 338 182 331
f 338 332 337
f 325 153 328
f 324 328 327
f 328 152 329
f 327 329 295
f 326 151 295
f 326 329 294
f 294 410 326
f 429 427 424
f 424 427 425
f 425 427 426
f 435 431 430
f 431 435 432
f 432 435 433
f 422 431 421
f 425 419 424
f 38 425 43
f 316 464 465
f 317 461 464
f 448 901 462
f 249 465 460
f 149 455 451
f 454 779 455
f 450 778 454
f 436 749 448
f 462 750 449
f 442 650 444
f 444 655 445
f 438 96 439
f 90 438 436
f 1115 475 1114
f 473 1114 475
f 514 519 518
f 518 521 520
f 520 523 522
f 517 514 516
f 512 517 516
f 498 513 512
f 526 525 524
f 450 530 531
f 708 612 651
f 742 610 718
f 660 1059 1064
f 667 658 609
f 658 667 1065
f 811 793 808
f 1076 652 1078
f 1071 649 660
f 618 651 612
f 651 618 1062
f 1079 652 657
f 659 1062 1070
f 681 1079 682
f 682 1079 657
f 1079 681 711
f 711 609 658
f 675 710 656
f 656 710 659
f 710 675 1085
f 1085 677 655
f 673 1074 1073
f 690 661 662
f 710 651 659
f 608 648 615
f 615 1058 1060
f 665 668 693
f 664 681 689
f 670 1069 1068
f 662 676 685
f 1072 673 1073
f 680 653 661
f 653 680 657
f 686 656 666
f 698 654 665
f 666 672 697
f 1066 669 1067
f 676 655 677
f 655 676 653
f 671 660 654
f 660 671 1071
f 1069 668 1064
f 1064 668 660
f 1067 670 1068
f 1075 672 1070
f 1070 672 659
f 674 1075 1074
f 699 672 674
f 700 674 673
f 698 673 671
f 683 690 692
f 684 692 691
f 681 691 689
f 687 676 679
f 688 679 678
f 686 678 675
f 669 694 696
f 670 696 695
f 668 695 693
f 694 609 664
f 1085 708 710
f 658 709 711
f 1084 703 708
f 718 707 721
f 720 608 719
f 900 705 720
f 721 739 743
f 743 887 742
f 1119 639 1117
f 887 722 742
f 1089 902 751
f 902 739 751
f 1088 705 748
f 1178 766 1175
f 1094 770 782
f 769 773 781
f 770 775 782
f 925 774 960
f 772 768 780
f 1095 782 783
f 773 780 781
f 783 775 774
f 926 772 773
f 774 771 783
f 1091 779 1095
f 955 772 958
f 1143 649 614
f 649 1123 1059
f 1059 615 1060
f 1123 615 1059
f 963 797 809
f 930 794 811
f 809 798 810
f 825 866 865
f 865 866 867
f 962 788 808
f 810 789 809
f 788 811 808
f 964 790 810
f 942 813 814
f 975 789 813
f 943 791 815
f 813 790 814
f 858 860 821
f 821 860 859
f 821 806 858
f 858 805 855
f 855 804 822
f 822 807 821
f 824 864 826
f 826 864 862
f 828 825 829
f 854 826 825
f 826 831 824
f 865 854 825
f 824 848 865
f 830 862 827
f 827 823 828
f 829 826 830
f 836 820 843
f 835 843 844
f 834 844 845
f 833 845 846
f 832 846 847
f 831 847 848
f 843 822 849
f 844 849 850
f 845 850 851
f 846 851 852
f 847 852 853
f 848 853 854
f 842 859 836
f 841 836 835
f 840 835 834
f 839 834 833
f 838 833 832
f 837 832 831
f 822 842 849
f 850 842 841
f 850 840 851
f 851 839 852
f 853 839 838
f 854 838 837
f 860 855 857
f 861 857 856
f 859 856 820
f 863 865 867
f 864 867 866
f 862 866 823
f 822 857 855
f 857 820 856
f 977 1100 878
f 947 874 877
f 748 897 902
f 1102 748 902
f 719 880 887
f 900 719 887
f 743 897 900
f 614 649 618
f 618 1061 1063
f 875 948 876
f 948 976 947
f 879 1104 978
f 978 1105 977
f 814 939 942
f 942 940 943
f 812 973 941
f 941 974 975
f 815 941 943
f 943 975 942
f 791 930 811
f 789 963 809
f 963 973 962
f 810 932 964
f 808 969 962
f 969 963 962
f 775 956 959
f 959 955 958
f 774 959 960
f 960 958 926
f 773 957 926
f 957 960 926
f 925 1050 1053
f 1065 1067 1064
f 1064 1067 1069
f 1069 1067 1068
f 1071 1075 1070
f 1075 1073 1074
f 1073 1075 1072
f 1071 1062 1061
f 1059 1065 1064
f 1065 648 658
f 1104 947 1105
f 1101 948 1104
f 901 1088 1102
f 1105 877 1100
f 771 1095 783
f 779 1094 1095
f 778 1090 1094
f 749 1076 1088
f 750 1102 1089
f 650 1082 1084
f 655 1084 1085
f 711 1078 1079
f 705 1078 709
f 1120 1115 1114
f 1114 1118 1120
f 1164 1159 1163
f 1166 1163 1165
f 1168 1165 1167
f 1162 1159 1160
f 1162 1157 1161
f 1158 1143 1157
f 1171 1170 1172
f 1177 1090 1178
usemtl Weapons
f 262 505 504
f 275 15 365
f 127 106 129
f 131 130 129
f 126 127 130
f 106 103 128
f 103 126 131
f 162 165 189
f 25 17 170
f 173 170 190
f 23 298 300
f 169 300 339
f 17 330 336
f 170 336 305
f 18 23 169
f 166 169 177
f 177 339 340
f 190 305 306
f 177 176 175
f 167 175 176
f 167 338 307
f 172 301 304
f 172 192 191
f 179 178 190
f 181 180 192
f 181 193 190
f 180 179 191
f 116 113 280
f 280 279 277
f 279 275 274
f 277 274 276
f 113 261 279
f 256 254 277
f 254 116 281
f 261 15 275
f 19 500 505
f 489 488 283
f 309 299 359
f 168 176 340
f 348 333 358
f 171 191 306
f 338 337 306
f 341 174 175
f 305 341 307
f 303 193 192
f 339 300 350
f 166 174 341
f 302 341 305
f 296 18 166
f 330 296 302
f 173 193 303
f 303 304 357
f 297 25 173
f 301 333 348
f 325 324 416
f 501 506 282
f 276 274 370
f 115 504 501
f 485 489 285
f 319 314 409
f 353 352 356
f 354 355 357
f 350 351 355
f 347 346 351
f 352 353 348
f 299 335 352
f 340 356 352
f 340 339 354
f 297 334 351
f 304 301 353
f 300 298 347
f 303 355 351
f 361 362 359
f 358 359 363
f 299 349 363
f 308 309 362
f 333 308 361
f 349 348 360
f 20 480 493
f 364 366 372
f 365 364 370
f 507 508 544
f 274 275 371
f 376 511 510
f 503 511 376
f 411 412 409
f 410 413 412
f 319 412 413
f 318 411 408
f 318 326 410
f 590 585 417
f 324 575 590
f 287 566 581
f 484 35 373
f 494 373 374
f 480 500 510
f 496 497 489
f 486 114 21
f 481 21 283
f 497 506 488
f 480 20 253
f 496 485 525
f 487 253 114
f 284 282 506
f 34 284 497
f 500 19 375
f 503 484 494
f 511 494 493
f 504 486 481
f 481 488 506
f 500 480 487
f 505 487 486
f 540 544 545
f 541 543 544
f 364 365 541
f 508 509 545
f 366 364 540
f 602 1249 1250
f 603 1250 1251
f 596 601 602
f 597 602 603
f 598 603 604
f 570 325 417
f 569 570 585
f 568 569 584
f 567 568 583
f 566 567 582
f 571 286 414
f 572 571 586
f 573 572 587
f 574 573 588
f 575 574 589
f 414 415 581
f 586 581 582
f 587 582 583
f 588 583 584
f 589 584 585
f 567 549 548
f 568 548 547
f 552 572 573
f 553 573 574
f 549 562 563
f 548 563 564
f 557 552 553
f 558 553 554
f 1149 1150 892
f 998 620 906
f 745 721 743
f 745 746 747
f 746 743 742
f 744 718 721
f 747 742 718
f 815 791 788
f 796 622 630
f 816 796 799
f 931 929 628
f 970 931 795
f 967 961 622
f 936 967 796
f 795 628 623
f 803 795 792
f 971 970 803
f 937 936 816
f 802 803 800
f 793 794 802
f 938 969 793
f 935 932 798
f 798 797 817
f 816 804 805
f 818 806 807
f 807 804 816
f 817 805 806
f 911 728 731
f 908 910 911
f 905 906 910
f 907 905 908
f 910 891 728
f 908 884 886
f 912 731 884
f 906 620 891
f 1150 1145 624
f 1134 916 914
f 992 930 940
f 794 966 971
f 991 964 981
f 797 968 937
f 937 968 969
f 801 800 972
f 938 972 936
f 818 819 934
f 983 931 970
f 792 933 972
f 933 967 936
f 792 623 927
f 933 927 961
f 799 965 934
f 990 935 934
f 799 630 928
f 981 964 932
f 1056 955 956
f 1146 627 913
f 1003 905 907
f 1146 1149 730
f 1130 647 916
f 1049 945 950
f 989 985 986
f 990 988 987
f 988 984 983
f 984 979 980
f 981 986 985
f 985 966 930
f 971 966 985
f 987 970 971
f 984 965 928
f 986 932 935
f 980 929 931
f 934 965 984
f 992 995 994
f 996 992 991
f 996 982 930
f 995 940 939
f 994 939 964
f 993 981 982
f 1138 1125 625
f 1005 999 997
f 1003 997 998
f 1191 1153 1152
f 1004 906 905
f 1155 1156 1009
f 1148 646 1009
f 1049 1052 1051
f 1052 1053 1050
f 950 925 1053
f 949 944 1048
f 1050 957 949
f 1057 1237 1242
f 1242 1222 955
f 1233 1213 918
f 1006 645 1129
f 1007 1006 1139
f 1155 1145 1125
f 1141 1130 1134
f 626 729 1131
f 914 626 1126
f 1142 1134 1133
f 883 625 1125
f 1170 1130 1141
f 729 883 1132
f 915 1142 1151
f 644 1141 1142
f 1008 624 1145
f 1139 1129 1148
f 1138 1139 1156
f 1126 1131 1149
f 1126 1146 1151
f 1132 1125 1145
f 1131 1132 1150
f 1192 1191 1187
f 1191 1190 1188
f 1188 998 997
f 1192 1154 1153
f 1187 997 999
f 1250 1249 1259
f 1251 1250 1260
f 1259 1258 1253
f 1260 1259 1254
f 1261 1260 1255
f 1057 956 1217
f 1237 1217 1216
f 1236 1216 1215
f 1235 1215 1214
f 1234 1214 1213
f 1054 917 1218
f 1238 1218 1219
f 1239 1219 1220
f 1240 1220 1221
f 1241 1221 1222
f 1233 1055 1054
f 1234 1233 1238
f 1235 1234 1239
f 1236 1235 1240
f 1237 1236 1241
f 1195 1196 1214
f 1194 1195 1215
f 1220 1219 1199
f 1221 1220 1200
f 1210 1209 1196
f 1211 1210 1195
f 1200 1199 1204
f 1201 1200 1205
f 262 504 115
f 275 365 371
f 127 129 130
f 131 129 128
f 126 130 131
f 106 128 129
f 103 131 128
f 162 189 186
f 25 170 173
f 173 190 193
f 23 300 169
f 169 339 177
f 17 336 170
f 170 305 190
f 18 169 166
f 166 177 174
f 177 340 176
f 190 306 191
f 177 175 174
f 167 176 168
f 167 307 175
f 172 304 192
f 172 191 171
f 179 190 191
f 181 192 193
f 181 190 178
f 180 191 192
f 116 280 281
f 280 277 281
f 279 274 277
f 277 276 278
f 113 279 280
f 256 277 278
f 254 281 277
f 261 275 279
f 19 505 262
f 489 283 285
f 309 359 362
f 168 340 335
f 348 358 360
f 171 306 337
f 338 306 307
f 341 175 307
f 305 307 306
f 303 192 304
f 339 350 354
f 166 341 302
f 302 305 336
f 296 166 302
f 330 302 336
f 173 303 334
f 303 357 355
f 297 173 334
f 301 348 353
f 325 416 417
f 501 282 22
f 276 370 372
f 115 501 22
f 485 285 37
f 319 409 412
f 353 356 357
f 354 357 356
f 350 355 354
f 347 351 350
f 352 348 349
f 299 352 349
f 340 352 335
f 340 354 356
f 297 351 346
f 304 353 357
f 300 347 350
f 303 351 334
f 361 359 358
f 358 363 360
f 299 363 359
f 308 362 361
f 333 361 358
f 349 360 363
f 20 493 374
f 364 372 370
f 365 370 371
f 507 544 543
f 274 371 370
f 376 510 375
f 503 376 36
f 411 409 408
f 410 412 411
f 319 413 294
f 318 408 313
f 318 410 411
f 590 417 416
f 324 590 416
f 287 581 415
f 484 373 494
f 494 374 493
f 480 510 493
f 496 489 485
f 486 21 481
f 481 283 488
f 497 488 489
f 480 253 487
f 496 525 527
f 487 114 486
f 284 506 497
f 34 497 496
f 500 375 510
f 503 494 511
f 511 493 510
f 504 481 501
f 481 506 501
f 500 487 505
f 505 486 504
f 540 545 542
f 541 544 540
f 364 541 540
f 508 545 544
f 366 540 542
f 602 1250 603
f 603 1251 604
f 596 602 597
f 597 603 598
f 598 604 599
f 570 417 585
f 569 585 584
f 568 584 583
f 567 583 582
f 566 582 581
f 571 414 586
f 572 586 587
f 573 587 588
f 574 588 589
f 575 589 590
f 414 581 586
f 586 582 587
f 587 583 588
f 588 584 589
f 589 585 590
f 567 548 568
f 568 547 569
f 552 573 553
f 553 574 554
f 549 563 548
f 548 564 547
f 557 553 558
f 558 554 559
f 1149 892 730
f 998 906 1004
f 745 743 746
f 745 747 744
f 746 742 747
f 744 721 745
f 747 718 744
f 815 788 812
f 796 630 799
f 816 799 819
f 931 628 795
f 970 795 803
f 967 622 796
f 936 796 816
f 795 623 792
f 803 792 800
f 971 803 802
f 937 816 817
f 802 800 801
f 793 802 801
f 938 793 801
f 935 798 818
f 798 817 818
f 816 805 817
f 818 807 819
f 807 816 819
f 817 806 818
f 911 731 912
f 908 911 912
f 905 910 908
f 907 908 909
f 910 728 911
f 908 886 909
f 912 884 908
f 906 891 910
f 1150 624 892
f 1134 914 1133
f 992 940 995
f 794 971 802
f 991 981 993
f 797 937 817
f 937 969 938
f 801 972 938
f 938 936 937
f 818 934 935
f 983 970 987
f 792 972 800
f 933 936 972
f 792 927 933
f 933 961 967
f 799 934 819
f 990 934 988
f 799 928 965
f 981 932 986
f 1056 956 1057
f 1146 913 1151
f 1003 907 1005
f 1146 730 627
f 1130 916 1134
f 1049 950 1052
f 989 986 990
f 990 987 989
f 988 983 987
f 984 980 983
f 981 985 982
f 985 930 982
f 971 985 989
f 987 971 989
f 984 928 979
f 986 935 990
f 980 931 983
f 934 984 988
f 992 994 991
f 996 991 993
f 996 930 992
f 995 939 994
f 994 964 991
f 993 982 996
f 1138 625 1007
f 1005 997 1003
f 1003 998 1004
f 1191 1152 1190
f 1004 905 1003
f 1155 1009 1008
f 1148 1009 1156
f 1049 1051 1048
f 1052 1050 1051
f 950 1053 1052
f 949 1048 1051
f 1050 949 1051
f 1057 1242 1056
f 1242 955 1056
f 1233 918 1055
f 1006 1129 1139
f 1007 1139 1138
f 1155 1125 1138
f 1141 1134 1142
f 626 1131 1126
f 914 1126 1133
f 1142 1133 1151
f 883 1125 1132
f 1170 1141 1172
f 729 1132 1131
f 915 1151 913
f 644 1142 915
f 1008 1145 1155
f 1139 1148 1156
f 1138 1156 1155
f 1126 1149 1146
f 1126 1151 1133
f 1132 1145 1150
f 1131 1150 1149
f 1192 1187 1189
f 1191 1188 1187
f 1188 997 1187
f 1192 1153 1191
f 1187 999 1189
f 1250 1259 1260
f 1251 1260 1261
f 1259 1253 1254
f 1260 1254 1255
f 1261 1255 1256
f 1057 1217 1237
f 1237 1216 1236
f 1236 1215 1235
f 1235 1214 1234
f 1234 1213 1233
f 1054 1218 1238
f 1238 1219 1239
f 1239 1220 1240
f 1240 1221 1241
f 1241 1222 1242
f 1233 1054 1238
f 1234 1238 1239
f 1235 1239 1240
f 1236 1240 1241
f 1237 1241 1242
f 1195 1214 1215
f 1194 1215 1216
f 1220 1199 1200
f 1221 1200 1201
f 1210 1196 1195
f 1211 1195 1194
f 1200 1204 1205
f 1201 1205 1206
usemtl Thruster
f 71 70 51
f 81 78 79
f 84 83 85
f 48 75 49
f 688 685 687
f 693 663 665
f 697 698 666
f 663 690 662
f 51 70 48
f 48 70 47
f 70 71 72
f 72 71 73
f 79 78 49
f 49 78 48
f 48 78 50
f 78 81 80
f 50 83 48
f 48 83 51
f 51 83 82
f 82 83 84
f 49 75 74
f 74 75 76
f 76 75 77
f 75 48 47
f 662 685 663
f 663 685 666
f 666 685 686
f 686 685 688
f 663 693 664
f 664 693 694
f 694 695 696
f 695 694 693
f 666 698 663
f 663 698 665
f 698 697 700
f 700 697 699
f 691 692 689
f 689 690 664
f 692 690 689
f 664 690 663
